-0.0447009
0.242918
0.0521137
0.0245265
-0.279793
0.1162
-0.200477
0.221737
-0.26649
-0.153801
0.25731
0.14979
-0.164591
0.0732966
0.186349
0.211431
-0.0834868
-0.0655395
-0.274039
-0.0200351
-0.162444
0.0197741
0.0737464
-0.268382
0.0571969
-0.120486
-0.108475
-0.278687
0.0367806
0.0842195
0.074229
0.256369
0.00223121
0.223403
0.00195366
-0.131514
0.162963
0.125485
-0.237411
-0.145696
0.281268
-0.128469
0.282283
0.107833
0.0900503
-0.204483
-0.101825
0.0798077
-0.0809337
-0.289854
0.141697
-0.281728
-0.0819438
-0.0903023
0.238174
0.0940278
0.270428
-0.183253
0.0647869
0.128304
0.0297381
-0.0958671
-0.226058
-0.105144
