0.0372699
-0.0735394
-0.00604711
0.07355
0.0390212
0.0766945
0.0995062
-0.145075
0.0103002
-0.0674294
-0.0392479
0.0257234
-0.0778487
-0.0172018
0.0260859
0.00572836
-0.00209196
0.059562
-0.059772
-0.0547378
-0.00310827
0.08492
-0.150977
-0.0397327
-0.0427642
0.0442789
0.107112
0.152848
-0.153704
0.0392934
-0.0112235
0.114467
-0.0327308
-0.00274958
-0.00826273
0.151944
-0.062312
0.146609
0.115923
-0.0624626
0.154027
-0.167403
0.0465081
-0.171494
-0.0342925
0.217208
0.104207
0.193731
-0.231857
0.0953718
0.144556
-0.110888
0.0600777
0.0112109
-0.0366618
-0.050039
-0.16735
0.0286056
-0.0961394
0.216464
-0.133446
0.216074
0.212634
-0.10528
0.00397104
0.0743578
-0.0381285
0.116821
-0.100112
-0.141814
0.146046
0.240555
-0.0210818
0.135037
0.00103818
0.367967
-0.0121107
0.024393
0.274959
-0.0276119
0.244459
-0.121687
0.125241
-0.0120421
-0.0999765
-0.0341813
0.000775254
-0.118031
-0.0114588
0.0589845
0.0399148
-0.0431186
0.186472
0.131165
-0.122336
0.0817912
-0.250962
-0.122941
0.169831
0.119352
0.0199327
-0.0403286
-0.0808689
-0.139664
-0.0613354
0.0983294
0.0655404
-0.081624
-0.0638424
-0.0339679
0.0796313
0.195127
-0.0522139
0.0858018
-0.056779
0.000990467
-0.158823
-0.0325124
-0.03864
0.0996183
-0.201214
-0.123502
0.0641585
-0.186708
-0.136687
-0.0215474
-0.0293541
-0.0688537
-0.0265037
0.00867668
-0.0201887
-0.0718663
0.139685
0.149494
-0.0880709
0.00112224
-0.144414
-0.121022
-0.068851
0.076371
0.0238542
0.192163
0.0412478
-0.0102102
-0.0136427
0.0785201
-0.173661
0.0650947
0.0863258
-0.0815446
-0.143163
-0.0223205
0.029679
-0.203939
0.0768043
0.0971249
0.00630876
-0.0835381
0.133269
0.167759
-0.0216771
0.0305276
0.03034
0.0960505
0.090749
0.0420596
0.122069
0.101486
0.0556983
-0.0935209
-0.0462034
0.135382
-0.187525
0.0378815
0.0813876
0.150366
0.224714
-0.219459
-0.122503
0.124495
-0.0951321
-0.072843
0.0118205
0.107374
0.11655
-0.0225297
0.0128156
0.20525
-0.212083
-0.182483
0.0448385
-0.0195775
0.152698
-0.210988
0.0776621
0.0266995
0.0121043
0.0757966
-0.0709755
0.0508848
0.124988
0.0141029
0.0242509
0.246855
-0.182662
-0.0669372
0.228042
0.0127629
0.190237
-0.116035
0.362905
0.0774085
0.0807055
-0.0178081
0.143145
0.0920445
0.0985982
0.0304447
-0.0973655
-0.0160287
-0.105169
-0.0872716
0.0864922
-0.0310101
-0.0730197
-0.0423598
-0.237209
-0.0355139
-0.121758
-0.0748385
0.114479
0.187867
0.0179453
0.079195
-0.0900494
-0.0565052
-0.0578858
-0.00564366
-0.207985
-0.123933
0.0172701
-0.036519
-0.0889851
-0.0214416
0.0566763
0.0271434
-0.0881321
-0.111403
-0.0359798
-0.359283
-0.0466894
0.0140734
-0.122074
0.232781
-0.0820129
-0.213065
-0.142459
0.158494
0.0463167
-0.087816
0.00260377
-0.0598883
0.0683832
-0.0401689
-0.240258
-0.0769353
-0.0578524
-0.0380498
-0.000949054
0.0175444
-0.105079
0.0253084
0.14928
0.0243321
-0.134405
0.319294
0.0495681
-0.0668449
0.227178
0.128084
-0.069347
-0.0775821
-0.0487061
0.2379
-0.13759
-0.167431
0.000761767
0.104267
0.0569056
-0.0576029
0.0256002
-0.232886
0.29437
0.15654
-0.0962899
-0.231569
-0.177578
0.0110404
0.0137789
0.246171
-0.0555537
-0.0581238
0.0246894
-0.0528153
-0.0532695
0.0751923
0.014823
-0.0747876
0.324436
0.055555
-0.0170863
-0.0150191
-0.0390649
-0.257235
-0.137296
0.0568438
0.137377
0.0733855
-0.0462764
0.297215
-0.090183
0.0663981
-0.0255829
0.0545575
-0.0203082
-0.0804537
0.268982
0.100634
0.134578
-0.108637
0.0826329
0.0558642
0.138025
0.0513741
-0.0797721
-0.127473
0.0311724
0.183178
-0.130356
0.0643365
0.0506603
0.0631175
0.0223589
-0.0922562
-0.0113014
0.343592
0.082509
0.0620806
0.359651
-0.113224
0.203982
0.146045
-0.0830961
0.0673412
-0.0600118
0.178265
-0.0468868
0.0970522
0.164477
-0.013712
-0.140877
-0.0705524
-0.243564
-0.0651885
-0.0387142
0.0674759
0.131189
0.179301
0.018223
0.142881
0.000121038
0.123734
-0.20897
0.0171192
-0.0963588
-0.00524705
0.0535777
-0.258674
0.0491495
0.106504
-0.108937
0.0828101
0.0191143
0.0149678
0.0745767
-0.0435543
-0.0749745
0.125998
0.091597
-0.136217
0.0927886
-0.0434674
-0.326928
0.203421
-0.0897989
0.210044
-0.141214
-0.0740156
0.195238
0.157875
-0.00548691
0.133393
-0.0496958
-0.267982
-0.0098997
0.0549726
0.0255719
0.018528
0.111729
-0.0362094
-0.0371286
-0.0269639
-0.0795417
0.040973
-0.145605
0.0979667
-0.0147112
0.111528
0.0497198
-0.0789852
-0.0104964
-0.225369
0.00114898
0.0926163
0.213481
-0.210158
0.192055
-0.146099
-0.138813
0.00427475
-0.079602
0.135332
-0.0131018
-0.0726484
-0.14842
-0.182923
-0.046854
0.144823
0.149853
-0.269043
-0.108231
-0.139526
-0.139089
-0.0357979
0.0029906
-0.0951551
0.255686
-0.00358587
0.0949601
0.0411811
-0.163518
0.136371
-0.19475
-0.147184
0.00426189
-0.0235586
-0.0138035
0.193787
0.120382
-0.0494571
-0.0417789
-0.108974
-0.136843
-0.0247391
0.26732
-0.0959278
-0.193328
0.130862
0.0500003
-0.0780208
-0.100846
0.160597
0.124893
-0.0878349
-0.207807
0.00210672
0.0929597
0.0067493
-0.147036
-0.120115
0.232527
-0.0896459
0.0314659
-0.125676
-0.0765756
0.084485
0.248322
-0.300422
-0.0419556
-0.130043
-0.265935
-0.0125151
0.0730396
0.061266
-0.0929573
0.0944095
-0.142622
-0.0249432
0.237661
-0.008786
-0.035573
-0.19478
0.000895126
-0.0128038
-0.0686529
-0.00457417
-0.038935
-0.0652304
0.0401652
-0.032199
0.134492
0.0298229
0.0830187
0.0623398
-0.11929
0.0772442
-0.046827
-0.178178
-0.0979661
0.0296535
-0.0472767
-0.0719616
0.0389557
-0.0374711
0.211463
-0.022215
0.0414574
-0.104514
0.302024
0.258825
0.0563957
0.061346
-0.0715603
-0.108593
-0.119017
0.155048
-0.0554457
-0.0936396
-0.0698877
-0.0118013
0.100358
0.0555793
-0.0207241
0.135994
-0.0510193
0.00052658
0.0475357
-0.0773328
0.0096551
-0.265575
-0.0349361
0.0968785
-0.0793484
-0.0239398
0.103139
0.044444
0.065209
-0.239007
0.0415628
-0.174839
-0.0155656
-0.139333
-0.17396
0.238233
-0.163883
0.0618928
-0.168195
-0.093609
-0.130623
0.0528722
-0.214028
-0.125395
0.128151
-0.0834762
-0.0359078
-0.202248
-0.0301434
-0.0107661
-0.0167018
-0.0979491
0.061516
-0.131252
0.000379105
-0.0690267
-0.0717738
-0.14334
0.028547
-0.12197
0.0395506
-0.0386161
-0.197985
0.0501566
-0.035503
0.0288046
-0.230971
-0.0307929
-0.0431689
0.0239098
0.0725545
-0.100259
-0.171125
-0.00372599
-0.00506411
-0.174106
0.0306308
-0.0046721
-0.0382022
0.00642056
-0.0289808
-0.0544002
0.0261269
0.118224
0.283717
0.0405781
0.125755
0.0198497
0.0661839
-0.102166
0.0124268
0.162618
0.00895849
0.0866944
0.0727538
0.0949768
-0.156833
0.081697
-0.0906511
-0.0242736
-0.168466
-0.133843
0.00200796
0.302419
-0.0389239
0.0539412
-0.115792
-0.0595561
-0.154774
0.183501
-0.0606565
-0.119437
-0.118447
-0.269388
0.0525076
-0.0502336
-0.0549165
0.180222
0.16169
-0.130881
-0.085984
0.165113
0.113497
0.0624235
-0.0739232
0.086938
0.0649227
-0.0551771
-0.0263834
0.068121
-0.105962
-0.231523
-0.211392
-0.0571315
-0.0854754
-0.128949
-0.0458844
-0.0453183
-0.026938
-0.088583
-0.371284
-0.168103
0.214037
0.0192783
-0.24729
-0.0122302
-0.0414697
0.0594658
-0.14603
-0.0809622
0.0184342
-0.148201
-0.116078
0.0837466
0.208473
0.0633277
-0.197765
0.0354737
-0.0545391
-0.132771
-0.0285533
0.00442274
-0.151355
0.0788761
-0.13862
0.0272932
0.0425599
-0.0826839
0.0445082
-0.20959
0.0534322
-0.129651
-0.157296
0.192481
0.151315
0.135949
-0.0202618
-0.0200335
0.0401147
-0.0347193
-0.0444419
0.166515
-0.133879
0.202995
-0.144838
0.0156097
-0.00315071
0.0102349
-0.0954904
0.0110733
0.069506
0.217789
-0.20896
-0.14708
-0.0182845
-0.250707
0.15343
0.0125094
0.115853
0.0251964
-0.0158613
0.121294
0.127412
-0.00755678
0.0228823
0.0535873
-0.20427
0.045497
0.218552
-0.000387539
0.0645702
0.203874
-0.0919674
0.0163664
0.0127237
-0.0750332
0.0442451
-0.00165131
-0.0774632
-0.227737
-0.137387
-0.0134415
0.0482137
-0.00508669
0.331305
0.0281896
0.122685
-0.0835039
0.306369
-0.185701
-0.0517356
0.476643
0.121176
-0.0230072
0.0543394
-0.00436225
0.00498665
0.187041
0.027458
-0.122669
0.000242126
0.154783
-0.137715
0.0709903
0.0426664
-0.28974
-0.110847
0.0681191
-0.124984
0.0804189
0.0547207
0.0753581
0.0177597
0.10776
-0.174829
0.000256195
-0.0365698
-0.0968744
-0.0112913
-0.0244441
-0.0470817
0.0940928
-0.218327
-0.126453
0.0851773
0.0151478
-0.107112
0.161759
0.0197939
-0.0627976
0.0196461
0.029133
-0.236236
0.0986974
0.0835227
0.24089
0.0389042
0.00655915
0.0672221
-0.0212856
0.047084
0.103227
0.0894266
0.173957
0.0795949
-0.27834
-0.0796091
0.0461327
0.0148902
-0.1143
0.00682066
0.0482448
0.0047954
-0.105981
0.122964
-0.0529896
0.0243753
0.0606697
-0.0155241
0.0528355
0.150792
0.235635
0.150126
0.211384
-0.150691
0.0772407
-0.0715294
-0.117384
0.00469836
0.138859
-0.126733
0.0267838
-0.176641
-0.175818
0.240427
0.182895
-0.0423901
-0.00400002
0.0697155
-0.0787531
-0.0914043
-0.30665
0.095835
0.171931
-0.363686
0.0426839
-0.266578
0.0421683
-0.0412144
-0.0473992
-0.291524
0.123899
-0.0727369
-0.183307
-0.163081
-0.0305974
0.172747
-0.0933894
0.0477853
0.0719319
0.118026
-0.01733
0.116236
-0.186311
-0.0552719
0.0492011
-0.0189252
0.0435314
0.00976081
0.308909
0.123787
0.127855
-0.0144745
0.0590206
0.247189
-0.0873934
0.155354
0.0629823
-0.128548
-0.144742
0.0170438
0.0875215
-0.0659425
0.0938981
0.0483549
-0.12128
-0.0415434
0.081585
0.0570794
-0.211598
0.12184
0.0205845
0.219036
0.0870307
-0.134761
-0.0106083
0.027046
0.220338
-0.0897453
0.0340648
-0.116321
0.0417913
0.208633
-0.0640676
0.181262
0.0420082
0.164554
-0.0945953
-0.00259731
0.0445873
-0.0201484
0.281011
-0.0575658
-0.00477625
0.12148
-0.0632228
0.04357
0.019303
0.048442
-0.0613065
-0.035408
0.0834577
0.0609168
-0.0356605
0.137011
0.0828739
-0.236692
-0.0292871
-0.206407
0.0124436
-0.0715197
0.19124
-0.257549
0.166319
0.148486
0.0105498
0.189855
0.13264
-0.15557
0.0716331
-0.09363
-0.0281613
-0.0548959
0.0567411
-0.0414919
0.065234
-0.00499071
0.060443
0.0421414
-0.119392
0.0569261
0.0681687
0.154306
-0.0539184
0.0873541
-0.0389882
0.0618286
0.00885602
0.2392
-0.0921368
0.334842
-0.301995
-0.0229471
-0.0137166
-0.0677335
0.0305579
-0.0580315
0.0900712
-0.250926
-0.24504
0.210867
0.0932165
0.054774
-0.0455678
0.0946157
0.137873
-0.161059
0.0290933
-0.199175
0.160654
-0.0972062
-0.229278
-0.137516
0.158477
0.143397
0.161734
0.0511372
-0.0392164
0.307272
0.041812
-0.00541896
-0.0317259
0.127094
-0.148263
0.0915115
-0.102304
-0.0564048
0.139398
0.0610218
-0.0830221
-0.0826263
-0.173473
0.0120938
-0.0509073
-0.107045
-0.277551
-0.208092
0.105028
-0.110589
0.0548157
0.0191802
-0.0667838
0.21188
0.268005
0.00820952
0.00466893
0.081004
-0.0224012
0.106467
-0.184453
-0.00256022
-0.227547
0.153616
0.150912
0.250386
0.00407832
0.117433
-0.0595043
-0.0427413
-0.0961284
0.169128
-0.0698638
0.0150514
0.0810779
0.0755686
0.0126422
-0.0926006
0.366137
-0.149479
0.0585395
-0.00517688
-0.0522939
-0.0855258
0.0684737
0.0862758
0.267568
-0.0636552
-0.180333
-0.036309
0.0790186
-0.207117
-0.110799
-0.0610533
-0.0858658
0.0804733
-0.0116528
-0.130467
0.167839
0.0797364
0.0298983
0.0745714
-0.147589
0.00949409
0.114965
0.0638121
0.12756
-0.140214
0.146305
-0.217382
-0.055867
-0.00123154
0.0962807
-0.0538193
0.105707
-0.00773088
-0.126974
-0.144348
-0.0124116
-0.0150551
0.0344531
-0.0833906
0.147585
0.133866
0.065253
-0.0665189
-0.0231879
-0.108395
-0.073018
-0.111789
-0.0228378
0.0625353
0.00821517
-0.0356561
0.0205015
-0.166779
0.163228
-0.253677
-0.192897
0.372519
-0.125258
-0.164879
-2.08913e-05
0.00486012
-0.045979
-0.175495
0.0200566
-0.113221
-0.068993
-0.0777699
-0.0936003
-0.0370844
0.100245
0.0767808
-0.108526
-0.0462404
-0.21991
0.121196
-0.035282
0.100414
-0.0790057
-0.128401
-0.00360725
-0.037897
0.0424875
-0.22968
-0.119436
-0.013319
0.1934
-0.0720483
0.0707703
0.163866
-0.0575694
-0.18493
0.211272
-0.0289092
0.211584
-0.0723199
0.0467894
0.102525
-0.0445341
-0.108142
-0.149487
0.133274
-0.0878371
-0.0280043
0.0137192
0.00165021
0.0911852
0.060484
0.0625804
0.225015
0.0247731
0.130698
0.0172217
0.00152675
0.0555395
-0.0955627
-0.0800387
-0.120095
0.187718
-0.397389
0.0666998
0.0125657
-0.00334671
0.060862
0.142172
-0.139205
0.0527383
0.0849465
0.19348
0.0820866
0.11967
0.0663186
-0.0582712
-0.0436704
0.0413625
0.115281
0.00606152
-0.0752312
0.00185341
0.111605
0.0484533
-0.00855866
0.18687
0.149904
-0.0013816
-0.26486
-0.0568573
-0.104352
0.0292224
0.00360608
-0.0576689
0.0885661
-0.0348868
0.0108124
-0.124753
0.130534
0.147208
-0.245834
-0.0397769
-0.0488411
-0.183029
0.132542
-0.0443997
-0.193405
-0.0792533
-0.051376
0.0468063
0.0478129
0.0136628
0.0517715
-0.0790571
0.183229
-0.05559
-0.275461
-0.146001
0.0989258
-0.147079
0.106924
0.155585
-0.0080797
0.263181
0.121448
-0.215522
0.0988319
-0.0649849
0.0980426
0.0331649
0.0703743
0.087552
0.0764969
0.118485
-0.00922767
-0.108463
-0.0884624
0.00153304
-0.211952
0.0950783
-0.132695
-0.325853
0.0274827
-0.0510408
-0.0973955
-0.0283723
-0.10055
0.0153454
0.0254413
0.0923999
0.0338802
-0.250356
0.0724307
-0.129764
0.0559793
0.123721
-0.041138
0.182531
0.187633
-0.165162
0.0433407
0.174573
0.0636899
0.0763432
0.0735257
-0.154888
-0.231188
-0.0820024
-0.0541578
0.164898
0.107892
-0.0302487
0.0138079
-0.0934988
0.0402749
-0.0921592
0.0154539
-0.0379864
-0.0947131
0.205918
-0.101637
-0.017404
0.139711
0.0679344
-0.0738775
-0.00356145
-0.103812
0.16268
0.146655
0.0524813
0.0361611
0.111756
0.166768
0.0552457
-0.169506
0.193267
0.0606666
-0.0173594
0.0374365
0.00930627
-0.0551448
0.0148822
-0.285084
-0.0295104
-0.0719008
-0.124692
-0.272292
0.174313
-0.0979074
0.133344
-0.14421
-0.107187
0.153177
-0.0237079
0.149468
-0.030019
0.227141
-0.022733
-0.0622876
0.21678
0.132849
-0.0822675
0.120689
0.175155
0.115716
-0.0654165
0.192901
-0.00334947
-0.0465455
0.193284
-0.00509966
0.209708
0.227301
-0.0131394
-0.136856
-0.20592
-0.0623478
0.0480535
0.0327476
0.23261
0.0999389
0.0914785
0.0990109
-0.158363
-0.119064
0.0831007
-0.193006
-0.123082
0.0579447
0.0723209
-0.168688
0.0238448
-0.176858
-0.0445953
-0.0356619
-0.180615
0.0113816
-0.0432719
0.108025
-0.0807498
-0.115868
0.268234
-0.0419184
0.0377891
-0.00301815
0.138886
-0.198262
-0.0246238
-0.210223
0.174161
-0.00897973
0.122335
-0.0611834
-0.0155593
-0.175668
-0.103707
-0.0132468
0.0340565
-0.198136
0.0903755
0.0523856
0.141753
0.0207699
0.00849993
0.0500252
0.0334162
0.0705111
0.0377993
-0.126597
-0.0864023
0.0644295
-0.0154441
0.0426035
0.02301
0.142336
0.0264457
-0.0792525
0.0365942
0.250739
-0.00672963
0.13437
-0.0909299
0.14733
-0.250398
0.0067073
-0.00993895
0.179381
0.12227
-0.167194
-0.231408
-0.010625
0.00507653
0.0419934
-0.161548
-0.0905541
0.147927
-0.0777298
0.209934
0.272994
-0.185103
-0.0869189
-0.0218101
-0.205582
-0.0792853
-0.277158
0.0450565
-0.138428
-0.0899972
-0.0984564
-0.133504
-0.0671378
-0.0362025
-0.278504
0.0294998
-0.0073949
0.0483644
0.0828689
0.000409757
-0.00291641
-0.0420609
-0.174896
0.294913
0.169607
0.0383697
0.12215
0.0532405
0.14162
-0.115317
0.0552516
-0.125011
-0.0827895
-0.17537
-0.0240287
-0.00563125
-0.143485
0.1926
0.0651381
0.0510834
-0.0228789
-0.131067
0.0537014
-0.0490367
-0.0191987
-0.153001
0.0912123
0.345204
-0.0377432
-0.0313879
0.00175545
-0.123944
0.064695
0.14652
-0.0180009
0.0601141
0.102596
0.195041
-0.0570756
0.161967
0.0785438
0.0719337
-0.0414817
0.0805371
0.157006
0.17524
-0.00169995
0.0937986
0.106491
-0.0417963
-0.0302184
-0.000625945
-0.0274268
-0.00590225
-0.229569
0.113892
-0.0188483
0.000781111
0.048339
0.088857
0.0565406
0.320738
-0.0234358
0.114405
0.068612
0.0535854
0.138892
0.0794466
0.0441155
0.062148
0.091578
-0.115227
-0.0656117
-0.0410707
-0.0686641
0.0373195
-0.0377907
-0.0853674
-0.175515
0.025852
-0.108741
0.0851085
-0.0546397
-0.00939337
0.0224259
-0.351251
0.149327
-0.173793
0.0207348
0.0941146
-0.121267
-0.0779611
0.00990537
-0.171407
0.00132341
-0.178168
-0.257214
0.103175
0.112452
-0.0290665
0.0975344
0.0486849
0.0495866
0.038786
0.0496299
0.0987928
0.178848
0.0621429
0.22554
0.0041989
-0.308031
0.206759
-0.0424885
-0.168826
0.137165
-0.203789
0.104796
-0.318942
0.0317285
-0.0479304
0.206323
0.0956744
0.198166
0.00966734
0.107002
0.0479426
-0.0859834
0.0565299
0.0163001
-0.111298
-0.0632529
-0.111935
-0.0776682
-0.249955
-0.271787
-0.0354754
0.078798
-0.00158013
-0.114045
-0.0864998
-0.153861
-0.0243188
0.277341
-0.324627
0.0948919
0.324776
0.0708127
0.0915918
0.0993987
0.140814
-0.0419854
0.157308
0.16541
0.144289
0.0201892
0.030716
0.00554595
0.279533
-0.247147
0.2645
-0.0936128
0.120256
-0.200569
0.0184846
0.0336922
0.048502
0.148488
0.141271
-0.122922
-0.0847827
0.123076
0.21069
0.0223551
0.0843008
0.0662589
-0.102913
-0.0619735
-0.124271
-0.0523847
0.113208
0.179726
-0.0800318
0.072095
-0.0448375
-0.0526456
0.0242262
-0.103903
-0.104101
0.211545
0.177797
-0.153123
0.11825
0.033592
0.0431257
-0.0410823
-0.259593
0.274115
-0.0397042
-0.0336007
0.135467
-0.0193808
0.0830665
-0.240388
-0.123366
0.0616432
-0.0503886
-0.0474573
0.00217683
-0.201091
-0.0265514
0.0493757
0.159925
-0.0453529
-0.121732
-0.0637444
-0.150172
0.0223924
0.00897192
0.0580645
-0.0193375
0.122818
-0.0788578
0.0050065
-0.199827
-0.128365
-0.279903
0.140195
-0.0197959
-0.0160141
-0.0444797
-0.28107
0.0662137
0.0820019
-0.241873
-0.131752
-0.0728723
-0.148721
0.013297
0.0667484
-0.121536
0.0525107
-0.111748
0.00937054
-0.119682
0.0654902
0.0858004
0.0513346
0.0891409
0.0448119
0.0712952
-0.0331367
0.0995462
0.161989
-0.0669335
0.347216
0.106323
-0.0938646
-0.190328
-0.134409
0.0584339
0.0290588
0.105474
-0.108553
0.00395367
-0.00811222
0.124205
-0.184737
0.115247
-0.136917
-0.0261129
0.0499714
0.0305907
0.0626158
0.192761
0.187284
0.0315015
0.0816864
0.104444
-0.126381
-0.119129
0.00693193
-0.0661102
0.119338
-0.0860277
0.293977
0.0614807
0.272829
-0.103565
0.18718
-0.145994
-0.329435
-0.158043
0.137775
-0.112288
-0.19691
-0.0153317
-0.146872
-0.0579534
0.127534
0.0403015
0.176301
-0.157956
-0.00753923
0.0138538
0.14039
-0.188788
-0.125072
0.0203953
0.197898
-0.0383492
-0.0464484
-0.0324244
0.0756166
0.130656
0.0531111
-0.0733254
0.0443677
-0.0100984
-0.0343041
0.0137288
0.0424179
-0.169965
0.0499281
-0.00498184
0.140482
-0.0553503
-0.0124582
-0.0602378
-0.0487143
-0.128315
0.248465
0.197222
0.000838363
-0.0732006
0.0176275
0.0154818
0.0187234
0.124829
-0.0998555
-0.135856
0.221596
0.0136031
-0.0199014
-0.0117026
0.0478792
0.158714
0.13517
-0.15783
-0.113286
-0.0212969
-0.403546
-0.159872
0.10844
0.0476185
-0.116024
0.125576
-0.103291
-0.0110477
0.203203
0.148864
-0.0165208
-0.162828
0.126695
-0.106774
0.120554
-0.0300805
0.079276
-0.20213
-0.0103629
0.0826106
0.0377326
0.089839
-0.0634209
0.13289
-0.00836781
0.00838373
0.0614381
0.0562115
-0.213891
0.18362
-0.16041
-0.165951
-0.102231
0.0445966
-0.107855
0.232664
-0.152187
-0.0496957
0.017476
0.13944
0.110238
-0.147336
-0.0439249
0.0262513
0.104728
-0.144793
-0.0341937
-0.0917253
-0.128658
-0.058171
0.0130285
-0.115722
0.16106
-0.127455
0.11732
-0.0691631
0.0349988
-0.0171797
0.0123049
0.0950407
-0.0452595
-0.0391831
0.060059
-0.0145325
-0.0816633
-0.0650764
-0.151873
0.107639
0.0901133
-0.0917933
-0.183998
-0.042085
0.20999
0.115843
0.041995
0.0387849
-0.0935131
-0.107803
-0.122349
-0.0252011
0.0392933
-0.194205
-0.0471912
-0.121416
-0.0977926
-0.11347
0.122756
0.0149576
0.129845
-0.00935981
0.179417
0.0372269
0.179029
0.192994
-0.00576629
0.0404157
-0.0681001
0.024184
0.172397
0.16689
-0.107396
0.160267
0.0813361
-0.183861
-0.0230581
-0.0267505
-0.133258
0.0974748
-0.10426
0.126109
-0.0340924
0.145747
0.021181
0.0987359
0.0932348
0.0497712
0.0463178
-0.0326951
-0.00965113
0.0528777
0.0824414
0.1118
0.00874766
-0.0819853
0.0332204
0.1671
-0.00732027
0.0625199
0.0614138
0.146501
-0.0715463
-0.0375215
0.106101
0.00182477
0.10062
0.0236966
-0.195521
0.0113686
-0.232463
0.0848557
0.0128556
-0.0950162
0.0156779
-0.10177
0.127498
0.0186913
0.0050771
-0.070378
-0.00143367
-0.0462214
-0.0860633
0.100953
-0.0412129
-0.0847618
0.0189097
0.0190428
0.14565
-0.239736
0.172693
-0.055864
-0.137717
0.135314
0.0889077
-0.21098
-0.227735
-0.130773
0.00259841
0.201863
-0.120878
0.249099
-0.0299952
0.0715979
0.0813392
-0.149005
-0.196123
0.0896427
0.0976146
0.0363819
0.0669994
-0.0789521
0.130907
0.197485
-0.169448
-0.0263777
-0.0707428
-0.099779
0.0891479
0.125039
0.14383
0.0964676
-0.00167158
0.0257651
-0.0873179
-0.141194
-0.116651
-0.0605148
-0.250552
0.0675937
0.0614335
0.0596101
0.0919068
-0.166246
-0.197286
-0.00995279
-0.0587424
0.0108317
-0.152179
0.0906268
0.0225203
0.120792
0.13749
0.0747916
-0.178411
0.0616246
0.158725
-0.101044
0.0638417
0.134311
0.233048
0.08779
-0.0728816
-0.0525779
-0.112651
-0.154688
-0.127359
-0.109663
0.335081
0.156007
0.0500405
0.0370079
-0.04346
-0.0292322
0.176497
-0.0159592
0.155583
0.231291
-0.028904
0.148087
0.0498003
0.0704607
-0.107164
0.125941
0.121885
-0.00778379
0.180466
-0.0133516
0.203129
0.0405276
0.137543
-0.0202653
0.0650845
-0.101804
0.127504
0.0126677
-0.182646
0.22696
-0.0941741
0.0635478
-0.153659
-0.036513
0.0335293
0.115337
0.123181
0.0756905
-0.166663
0.136089
-0.200336
-0.140889
-0.211544
-0.114485
-0.0545441
0.155578
0.118826
0.191766
0.233789
-0.0145203
-0.0333121
0.291745
0.0136612
0.052006
-0.149922
-0.103451
-0.178187
-0.0270881
0.17661
-0.179892
0.19526
0.0640639
0.0998931
-0.122776
-0.210349
-0.0442545
-0.199023
0.00641788
0.313425
0.137911
-0.0505534
-0.00259355
0.212715
-0.114078
-0.0742958
-0.349623
0.129184
0.112192
-0.0137702
-0.0895979
-0.0463212
0.0717951
0.0974392
-0.0656722
0.0836988
-0.115741
0.0834274
-0.209843
-0.0401523
-0.0612595
-0.054929
0.0376139
0.108218
-0.0101744
-0.0794656
-0.0380553
0.252402
-0.132105
0.073064
-0.0523457
-0.088046
0.0131488
0.0649962
-0.0195762
0.134608
0.121928
-0.0800798
0.0717887
0.0198819
-0.0469447
-0.153782
-0.00787298
0.101614
-0.194743
0.158749
0.00530786
0.152838
0.0153967
0.00754062
-0.0172219
-0.0706193
0.033711
-0.127754
0.000499951
-0.0202715
0.206306
0.174992
0.0911337
0.145468
0.0471459
-0.129295
-0.0280593
0.014322
-0.130015
-0.0744638
0.0109128
-0.205673
-0.128846
0.19247
-0.11697
0.0447554
-0.0681392
-0.100135
0.0608387
0.0777602
-0.0883044
-0.0792109
-0.202166
0.270429
0.0559286
-0.16042
-0.165953
0.0395266
-0.155981
-0.142758
-0.0983873
-0.145981
0.216843
-0.215285
0.118782
0.248784
0.0250531
-0.138066
0.0413541
0.127355
-0.0115261
0.0375997
0.0151345
-0.0565866
0.00893497
0.0624481
-0.00898169
0.267476
0.0456611
-0.0220817
0.057657
-0.100613
0.124209
0.186005
-0.126075
-0.00342754
0.0650565
0.0896309
0.0372104
0.0235321
-0.0893902
0.0189257
-0.0151931
0.222933
0.023555
-0.081827
-0.00259031
-0.194981
-0.132355
0.193183
0.326713
-0.116333
0.0115763
-0.0973209
-0.000566899
-0.024346
-0.0571674
0.0081886
-0.0823286
0.0148112
-0.0186364
0.0464888
0.13921
0.0298714
0.0021377
-0.209359
0.102498
-0.0914581
0.117473
-0.0800461
0.0669666
0.148218
0.0780525
0.154514
0.244328
0.148078
0.0904825
0.013639
0.00507198
0.0215135
0.0668166
0.0153675
-0.053955
0.259705
-0.128796
-0.010882
-0.0585367
0.0378671
0.0720544
-0.00144091
0.285233
0.0310585
0.053429
0.104663
0.00716677
0.148092
-0.148412
0.0405082
-0.00856072
-0.198265
0.114262
0.0189973
-0.00195817
0.229359
-0.0758116
0.0489296
0.0684786
-0.0341337
0.084558
-0.0687627
0.0306605
-0.0160315
0.0627565
-0.0213919
-0.103402
0.0763725
-0.116563
-0.010441
0.119366
0.101044
-0.263345
-0.0232579
0.0558442
0.0868055
-0.00114803
0.0112241
-0.122584
0.0613021
0.0718134
0.0280262
0.103092
0.111534
-0.0112012
-0.106884
-0.0844164
0.160479
0.000240676
0.00222962
0.104947
-0.0377172
0.0678595
-0.0916843
0.1035
0.0749544
0.00843054
-0.136334
-0.0495455
0.0388322
0.0925274
-0.150252
-0.0408192
0.176218
0.300995
-0.177043
0.0257482
-0.23744
0.0872489
0.177942
0.125402
0.119182
-0.142436
0.0653369
0.0761207
-0.194774
-0.34056
0.193483
-0.0731329
-0.149287
-0.172672
-0.0108021
-0.0523732
-0.229191
0.162542
-0.221857
-0.0112055
0.0386075
0.141363
0.0388808
-0.201099
0.0304808
0.0641518
-0.0809801
0.130795
-0.173848
-0.201173
-0.155339
-0.159534
-0.133913
-0.0879168
0.180595
0.0867351
0.0198886
-0.00349022
0.00456439
-0.0128974
-0.0552223
-0.147569
-0.0575851
-0.105045
-0.260509
0.226477
-0.209573
-0.0306561
-0.0144619
0.0326149
-0.139711
-0.0894311
0.0593098
0.200435
0.142431
-0.165364
0.115976
0.00268168
-0.150554
0.118122
-0.0203089
-0.101363
0.0965028
0.0944416
0.0479434
-0.0835889
0.259729
0.0818141
0.0522394
0.00705533
0.00161581
0.176501
0.0908263
0.142491
0.00247581
0.0651378
-0.0139239
0.191887
-0.123971
0.0599694
-0.0757142
-0.106202
0.108177
0.0570677
-0.192641
0.0677225
0.183838
-0.173276
0.111225
0.08896
-0.0621869
0.0791334
-0.0348899
-0.128296
0.133683
0.157694
0.00734116
0.159654
-0.0372509
0.0674201
-0.154107
0.0505244
0.0575601
0.0552878
-0.059748
-0.19356
0.293515
-0.185226
-0.0567537
0.16956
-0.0127849
0.248861
0.152466
-0.0290352
0.128292
-0.151756
-0.0642843
0.129303
-0.119818
-0.307314
-0.089249
-0.26067
-0.0190565
0.128352
-0.0178141
0.251014
0.0722667
0.0244586
-0.00171318
0.0950609
0.0627538
-0.123535
-0.134461
-0.0294133
-0.0625969
-0.00163691
0.00487673
-0.0591368
-0.0941328
-0.074136
-0.0414092
0.0531496
-0.0795917
-0.0910309
-0.119843
0.0698127
0.218772
0.136962
-0.0091332
-0.282769
-0.238812
0.054138
0.0333632
0.0705543
0.0695782
-0.0484476
0.246972
0.0492262
0.183139
0.0547424
-0.0637669
0.164996
-0.153535
-0.159524
0.0591792
0.108287
0.089092
0.188384
-0.0691077
0.0155482
0.207315
-0.0510272
0.01803
0.272245
0.0631613
-0.157527
0.194224
-0.153277
0.0271506
0.116957
0.0764624
-0.0909259
0.035235
0.00285571
0.0889855
-0.033188
0.0232654
-0.158838
-0.0177343
-0.0201446
0.320874
-0.115571
-0.204836
0.0145556
-0.089635
0.0194135
0.032276
0.129153
0.0416423
0.00744577
0.015552
0.0406597
0.0343608
0.169857
-0.128741
0.126239
0.105716
-0.145668
0.196894
0.050595
0.0148576
-0.0484766
0.0338559
-0.046283
0.128762
0.133691
0.0625946
-0.0483389
0.0633112
0.0159872
0.0629592
0.200252
0.129438
0.0777799
0.168052
-0.172353
-0.0783778
-0.0213939
-0.306462
0.0567046
-0.139144
0.0829552
-0.119037
0.136019
-0.00678203
0.096314
-0.0665296
0.233416
-0.105235
0.0273015
-0.0154479
0.222946
0.106243
0.122062
0.0292543
0.0942811
-0.0348484
-0.0325216
-0.033428
0.0160851
0.0337809
0.0274742
0.0596417
-0.106565
-0.00541179
-0.100271
0.091425
-0.143581
0.0126158
-0.0244368
0.0782887
-0.100706
-0.244198
0.0763446
-0.0242779
0.0252357
0.0674918
-0.048505
0.0810483
0.0189817
-0.171828
-0.00956309
0.208228
-0.120682
0.141857
-0.0182716
0.114674
0.060837
0.0278028
-0.110598
-0.0657795
0.073016
-0.162744
-0.0458234
0.1231
-0.231041
0.0386669
0.121901
-0.0451479
0.00417783
-0.0623772
0.205831
-0.016233
0.116167
-0.178325
0.0528176
0.237899
-0.115789
0.0696044
-0.123873
-0.148469
0.109319
-0.034095
0.115047
0.116502
-0.121378
0.0873334
-0.0756026
0.0806097
-0.0183438
-0.131616
-0.0459622
0.0758521
0.132484
-0.185911
0.253445
-0.0112799
0.0520812
-0.0544515
0.074019
0.0281493
0.133253
0.245587
-0.105144
0.205763
-0.228299
0.0439187
-0.0818693
0.109617
-0.0207293
-0.0108875
0.014303
-0.0662591
-0.0201586
0.27904
0.101873
-0.168888
-0.03327
-0.208842
0.0499476
0.00291723
-0.0904454
-0.0442888
0.0886171
-0.16316
0.236039
-0.000100336
-0.02866
0.300002
0.0926142
0.181098
-0.212565
-0.153144
0.0679255
0.0170359
-0.0820928
0.00814941
-0.144622
-0.0790311
0.208588
-0.0848113
0.0362152
-0.0713655
-0.106517
-0.122316
-0.182069
0.0213077
-0.00816479
-0.0940314
0.0880085
-0.0880208
-0.109262
0.0100187
-0.163285
0.00622892
-0.0899967
-0.14787
0.0589426
0.20638
0.0584148
-0.00238219
0.0168368
-0.182454
-0.0250673
-0.0282513
0.129173
0.217086
-0.154313
0.0361314
0.00166241
-0.0574623
0.216712
-0.219582
-0.0348805
0.175116
0.206601
0.200721
0.240569
-0.104824
0.0161202
-0.06567
-0.0465517
-0.292644
0.100035
0.0548243
0.00697885
-0.253219
0.160034
0.0713973
0.0247119
0.120289
0.0240847
-0.10018
-0.0492813
0.186533
-0.142042
-0.00291991
-0.0997065
-0.0551171
0.0881485
0.0161757
-0.208393
-0.022214
0.0855881
-0.0950662
0.270842
0.136245
-0.114219
0.12009
0.165308
-0.178421
0.0137517
-0.0280818
0.117631
0.269594
-0.00853527
0.18677
0.0734808
0.0265748
-0.218965
-0.107355
-0.00333435
0.234103
0.145874
0.111071
-0.332804
0.131482
0.00772145
-0.145803
0.0649559
0.0377574
0.0383816
0.00480592
0.123928
0.0653877
0.0518189
-0.0850699
-0.147406
0.146892
-0.195367
0.070474
-0.192476
0.091971
-0.0601262
0.0730103
0.168881
-0.00723475
0.138151
0.0679567
-0.258032
-0.0402134
0.0130466
-0.168844
-0.021313
-0.293434
0.254886
-0.135066
-0.105726
0.0186579
0.0745139
-0.0480224
-0.231024
-0.00786762
-0.0825528
-0.0352417
-0.0726782
0.117708
0.0993275
-0.0677131
-0.114791
0.00819155
-0.0640671
-0.106489
-0.316707
0.103552
-0.153967
-0.00907113
0.0950985
-0.0603227
0.18083
-0.0361255
-0.00642369
0.0973729
-0.0535331
-0.11615
0.00137263
-0.0992169
-0.0922272
0.159027
0.0742121
-0.177902
-0.010826
0.118469
0.184356
-0.245751
-0.134487
0.160986
0.0816134
-0.317088
-0.0925816
0.0680572
0.258678
-0.216115
-0.0223869
-0.028245
-0.0470614
-0.249148
0.141471
-0.0974152
0.0515848
0.128422
0.00706616
0.0647005
0.136748
-0.019913
-0.215007
-0.0120371
0.0626083
0.0183952
0.119158
0.0201711
-0.209234
0.0821408
-0.00956011
0.24737
0.132261
0.110537
-0.078877
0.125497
0.217871
-0.0447254
-0.0475114
0.00501027
-0.115411
-0.0872539
-0.0923305
-0.232091
0.139486
0.145158
0.0643338
0.0354974
-0.391851
0.120497
0.0866418
0.0425739
-0.0730525
0.259869
-0.0694576
0.117688
-0.0496562
-0.0186484
-0.24765
0.199878
0.273484
-0.0858493
-0.0575738
0.0633594
0.15562
-0.083622
-0.11437
0.24052
-0.0920241
0.0843369
0.0290454
0.174646
-0.10802
0.0733412
0.145804
-0.0515621
-0.328273
0.0242038
0.0379442
-0.201499
-0.0905591
-0.0839205
0.0295035
-0.19353
-0.291242
0.210038
-0.296093
0.0036174
1.8842e-05
-0.0684754
-0.108642
0.0210411
0.0589747
-0.119242
0.0255675
0.323605
0.0296375
0.0595561
-0.111906
-0.0385843
-0.115015
0.187399
0.0474349
-0.0280372
-0.0154925
-0.094733
0.178569
-0.00827728
-0.115811
-0.0810867
-0.156208
0.069209
-0.103221
0.342277
0.225395
-0.00405867
-0.31309
-0.110896
-0.158689
0.397711
0.0428326
-0.103044
0.127822
0.0815379
0.0984625
-0.102276
0.375327
0.0616427
0.0270259
0.216433
0.0660401
0.0560234
0.119545
-0.00260774
0.0707103
-0.0228396
0.0705739
-0.042431
0.211627
-0.113215
0.156416
0.020586
-0.158885
-0.126035
0.236931
-0.0836723
-0.00641708
0.0918084
0.121642
0.0634894
-0.140658
0.0563417
0.0702544
-0.201729
0.063506
0.014146
0.0827529
0.0604129
0.0677049
-0.0766734
-0.0894479
-0.169189
0.0299615
-0.0824166
-0.284111
-0.213877
0.0284121
-0.154068
-0.0348127
0.121987
-0.0649793
0.16388
-0.114076
0.0516232
-0.0229997
0.0884293
-0.0257136
-0.0461072
-0.20604
-0.0591557
0.0786211
-0.111698
0.0638752
0.200573
0.133652
0.110221
-0.134861
-0.163664
-0.0825111
0.0490026
-0.00108269
0.0726476
-0.0207985
-0.0240036
0.0902609
0.107327
-0.231878
0.0583434
-0.000887936
-0.0195464
-0.0474524
-0.108376
0.0104915
-0.141402
-0.223758
-0.0612592
0.171594
0.153554
0.0764112
0.0945549
-0.118703
-0.138459
0.0317446
0.210867
0.0389
-0.116729
0.174488
-0.174825
-0.0952965
-0.0112339
-0.0672257
0.110741
-0.100561
-0.131131
-0.0745053
-0.104989
-0.0189368
0.00041113
0.0583099
0.202237
-0.110428
0.208739
-0.273106
0.119316
0.108938
-0.0202929
0.202673
0.0534323
0.0293711
0.104335
-0.0902505
-0.0208227
-0.153223
0.0945069
-0.203751
-0.00157561
0.148903
-0.0175963
0.0672235
0.0535879
-0.104407
-0.0889113
-0.00365608
-0.179883
-0.0880355
0.0361978
0.0286551
0.00847479
-0.0679417
-0.11421
0.242927
0.316702
0.162322
0.0957512
-0.145246
-0.147756
0.0630855
-0.125813
-0.0379426
0.13875
-0.107444
0.123248
-0.00109646
0.0924433
0.0933684
-0.0151201
-0.0832072
0.106022
0.0767625
-0.0916075
-0.0744466
0.188667
0.322766
-0.0730507
-0.186519
0.316176
0.112616
-0.0700201
0.212219
-0.161469
-0.0484446
0.0864877
-0.145365
-0.0986715
0.113554
-0.148899
0.107469
0.0239143
-0.0743762
0.0768468
0.167676
-0.00640744
0.0674397
0.102847
-0.085833
-0.111443
-0.0526732
-0.144459
0.0320828
-0.10935
-0.269708
-0.250174
0.14857
0.123329
-0.173256
-0.060452
-0.101984
0.0368884
-0.0633589
0.0944777
0.155193
-0.190688
-0.0349827
-0.147389
-0.110056
-0.142109
-0.15572
0.0635026
0.0439334
0.0509623
0.0303231
0.0859974
-0.105163
-0.0769882
-0.0612735
-0.39544
-0.239266
0.206105
0.145472
-0.124624
-0.0884662
0.0543308
0.0762639
-0.0415545
0.0701445
-0.00200024
-0.197962
-0.00724907
0.0360786
-0.098129
-0.134737
0.320624
-0.0168248
-0.126588
0.205997
0.200947
-0.000194207
0.133264
0.134148
0.276413
0.0181969
0.0241173
-0.0757011
-0.260532
-0.0260816
0.27746
-0.131453
-0.104157
-0.0168498
0.0446208
0.0450994
0.0938047
0.137931
-0.0819177
0.151987
0.0949182
-0.294455
-0.117041
0.0997298
-0.0307592
-0.0491494
-0.176201
-0.083276
-0.0644656
0.222165
-0.110758
0.0487238
-0.0459898
0.00230898
-0.0219857
0.0410609
0.118064
0.155391
-0.17472
-0.00630605
0.0392047
0.130573
-0.181026
0.0634892
0.00902725
-0.205845
0.0919984
-0.302262
0.0732045
-0.0584209
-0.19763
-0.0211647
-0.00746769
0.0446741
-0.0491497
0.00951162
0.00611918
-0.0371175
-0.122785
-0.0368029
0.0218156
0.0241819
-0.0387201
-0.2095
0.262901
0.122565
0.0560416
-0.0642405
-0.0188909
0.159572
0.00505128
-0.0684881
-0.0483084
-0.0157993
-0.140021
-0.156992
-0.166057
-0.106122
0.201424
-0.179238
-0.0119142
0.0454262
0.0180582
-0.156607
-0.312678
-0.240309
-0.142698
-0.0776253
0.176894
0.0575388
-0.0457115
0.0160601
0.216952
0.151101
-0.0640363
-0.0646544
0.0193629
0.0739005
-0.0890401
-0.00844013
0.0387259
-0.0658398
0.197521
0.195208
0.0515714
0.0148771
0.238555
0.111039
0.157023
0.0645448
0.064899
0.0333293
-0.00986062
0.0989874
-0.116212
0.119562
0.0997843
-0.0517175
-0.0536173
0.258796
0.349469
0.0357835
-0.0296941
-0.109969
0.262447
-0.110779
-0.17056
0.202089
0.244109
-0.0895336
-0.0907103
0.0294335
0.0880643
-0.15033
0.012684
-0.109951
0.181129
0.0101809
0.0505468
-0.0708252
0.0974287
0.0929239
-0.276305
0.0624691
-0.0849928
0.123385
0.11519
-0.0286434
0.131399
0.014715
0.0775272
0.00517025
-0.0590655
0.0379348
0.0718371
0.0502511
0.0707311
0.186983
-0.0417753
-0.0414995
0.0942816
-0.172065
-0.0703284
-0.0485409
-0.00878101
-0.134098
0.157082
0.130787
0.00936996
0.0269797
0.156063
-0.00191233
0.188946
-0.153061
0.124208
0.0594899
0.176473
-0.0400724
-0.00348389
0.130232
-0.0590995
-0.0146302
-0.0549311
-0.116785
-0.0578878
0.0468139
-0.0649196
0.0418245
-0.261157
-0.128309
-0.0279169
-0.00530944
-0.0795129
-0.133468
-0.0476332
0.00425153
0.0424027
0.0410658
-0.167702
0.000165699
-0.0590307
-0.0399499
-0.0655129
-0.11094
-0.131714
-0.0941509
-0.127514
-0.0262981
-0.11084
-0.00473794
-0.19822
0.130039
-0.166698
0.285071
-0.0305456
-0.196483
0.163137
-0.103632
0.106475
-0.000229004
-0.128668
0.0414358
-0.248134
-0.200842
-0.138963
-0.211221
-0.0903309
-0.194083
-0.0156324
-0.00890911
0.0316285
0.261314
0.145379
0.0320131
-0.0380145
0.227685
-0.0342277
0.00408109
-0.0323492
-0.0151497
-0.0321264
0.0760195
0.00508499
0.0653565
0.1807
0.248512
-0.0529474
-0.0652192
0.0672726
0.131899
0.0251467
0.101134
-0.00383648
-0.0809955
-0.0894964
-0.162452
-0.000611722
-0.243026
0.184742
0.149536
-0.0368995
-0.00827858
-0.0270221
0.0461622
-0.159579
-0.0451371
0.019515
0.127892
0.0989807
-0.0518333
-0.0260624
-0.0669633
-0.0892162
0.00667714
-0.0657499
0.0122614
0.0674628
-0.105821
0.0328491
0.0247375
-0.0805597
0.0709564
0.0250768
-0.15267
0.0723697
0.243582
0.0370658
0.221392
0.0022813
-0.0998111
0.0911657
0.210739
0.0405251
0.220149
0.198246
0.160565
0.0485082
-0.0477428
-0.0938231
-0.11472
0.0352247
-0.184727
-0.0396902
0.175803
0.0861284
0.213494
0.0215888
0.150801
-0.0265593
-0.185555
-0.15297
-0.107412
-0.109191
0.160913
0.0625042
-0.0859102
0.0255246
0.139176
0.0339227
-0.000966548
-0.0939343
0.139881
0.0297133
-0.193282
-0.255832
0.204809
-0.0747699
0.081527
-0.0855217
0.13764
0.224307
-0.108389
-0.0374305
-0.0387424
-0.0961065
-0.227511
0.156793
-0.109685
0.18395
-0.0466205
-0.044346
-0.0460568
0.212801
-0.130359
0.250345
-0.0129561
-0.171824
-0.21218
0.0589362
-0.300833
0.00871555
0.288317
0.0585366
-0.0355243
0.00741448
0.105173
0.0653316
-0.172349
-0.149115
0.136375
0.296656
-0.123598
-0.159415
0.0245732
-0.101832
-0.116861
0.0464549
0.232741
-0.00220161
-0.0214319
0.0156367
-0.176836
0.1182
-0.111791
-0.167349
-0.0448992
-0.0511323
-0.260305
0.00101091
0.0128909
-0.0851657
0.0959976
-0.180115
0.336367
-0.0721418
-0.130646
0.210456
-0.107748
-0.0472658
-0.0221397
-0.0418813
-0.155443
0.185444
0.127688
0.0321114
-0.0712525
0.00481595
0.0153128
-0.129775
-0.000740349
-0.227467
0.127298
-0.0863663
0.0692407
0.0410383
0.13138
0.0405281
-0.077342
-0.0154652
-0.041708
0.0434334
-0.132793
0.0683713
0.0840565
-0.20536
-0.0317412
-0.139744
-0.0387541
-0.0220956
-0.0760893
-0.0114287
0.0646086
-0.0871949
-0.112181
-0.0613192
-0.144097
0.172309
0.0776419
0.297729
-0.00362637
-0.215336
0.238174
-0.0282568
-0.341813
-0.0776357
-0.0117901
0.0507104
-0.116222
-0.0418192
0.0158233
0.0506283
0.0333446
0.0106291
-0.0228279
0.0879917
-0.121154
-0.0119368
-0.0226757
-0.0304499
0.0427278
-0.0416158
0.088461
0.126848
-0.0326991
-0.0811024
0.070516
-0.139841
-0.0324172
0.121438
0.28736
0.0287503
-0.0677935
-0.0648773
-0.0839823
0.226475
-0.228
-0.100933
-0.02399
0.0457577
-0.000109986
0.27094
-0.0314605
-0.21275
-0.080341
-0.178856
0.117646
0.013602
0.0348749
-0.01221
-0.212285
-0.0088564
0.0304164
0.0332058
0.170445
-0.17458
0.165575
-0.0112753
0.185507
-0.111445
-0.112875
-0.125536
-0.137106
0.00362391
0.182814
-0.0259087
0.0121639
0.188739
0.229697
-0.0170422
-0.304003
-0.224044
0.0671275
0.150766
0.0630354
0.173002
0.0418824
0.15792
-0.062672
0.0100319
0.0332446
-0.036746
-0.0829851
0.0875981
0.092647
0.278092
0.00722849
-0.181113
0.117622
0.187147
-0.071165
0.00366711
-0.117757
-0.184827
0.22299
-0.115217
-0.0112833
0.00956366
-0.108361
0.105327
0.0917099
0.223284
-0.0860994
-0.0873548
0.0533868
0.0136969
0.0572302
0.0346881
-0.0471219
-0.0718957
-0.117382
-0.226379
0.202303
-0.0733785
0.144428
0.0086145
0.190255
0.073594
0.101225
-0.0822262
-0.123281
0.0898756
0.0042255
0.0226487
0.257879
-0.101463
0.0660064
0.0600539
-0.0210299
0.0889583
0.0894424
-0.0266503
0.157577
-0.0957652
-0.140532
0.193033
-0.0973714
0.0117147
-0.0446694
-0.194015
-0.146074
0.0900986
0.144418
0.0622027
0.145045
-0.127154
-0.0143821
-0.0883464
0.0327735
-0.106331
-0.160664
0.0953397
-0.177041
-0.226183
-0.0135316
-0.033895
0.348907
-0.0352339
-0.242051
-0.167583
0.103846
-0.137565
-0.105505
0.0809393
0.254102
0.00672609
0.0846055
0.164445
0.0409763
0.20468
0.139777
0.122996
-0.202357
-0.0792769
-0.00468667
0.053675
-0.0215453
0.108912
0.161742
0.215734
-0.0242138
-0.0794054
-0.0989961
-0.159507
0.12955
-0.284308
0.234323
0.0831699
0.0860995
-0.162111
-0.0968425
0.0566131
-0.0420391
-0.196701
-0.0138753
-0.0365236
-0.0716412
-0.280336
-0.0166898
0.0500128
-0.0714606
-0.07192
-0.0977129
-0.0551423
0.0473501
-0.0726799
-0.216661
-0.0309801
-0.0643291
0.000931055
0.0824977
0.13442
-0.162659
-0.0687404
-0.0363012
0.131149
-0.052044
0.0793046
0.0420224
0.111685
-0.0954883
-0.247894
0.149623
0.356237
0.19354
-0.060022
0.0721369
-0.0724374
0.115492
0.101769
0.153249
-0.14794
0.0887284
0.126128
-0.0628984
0.308151
0.067426
-0.00878715
0.192793
0.00887416
-0.0935419
-0.0970637
-0.196999
-0.107017
-0.12062
-0.105464
0.0795818
-0.159665
0.15765
0.0181444
-0.0546378
0.158443
0.0371707
-0.0371398
0.0577421
-0.0370851
0.0374517
-0.116621
0.206454
0.0303243
-0.0376809
-0.154734
0.257593
-0.0358002
0.141317
-0.121583
-0.136821
0.21455
0.168653
0.264265
0.218267
0.00354639
-0.0467815
-0.0708833
-0.166953
0.027724
-0.0347028
0.144507
-0.0132468
-0.0435479
0.0288931
0.209155
-0.106688
-0.0855611
0.0757029
0.157943
-0.0346247
-0.120305
-0.101496
0.00321404
0.210793
0.0258494
-0.353517
0.138056
0.20243
0.140332
-0.0597617
-0.0730818
-0.0362724
-0.131445
0.00879078
-0.102574
0.0366135
-0.10401
0.266961
-0.307349
0.0311028
0.194238
-0.200719
0.0303942
-0.0119924
0.00273258
-0.0923759
-0.125261
-0.112411
-0.0804414
-0.0163599
0.0829904
-0.22724
0.10519
0.0152454
-0.0516571
-0.0368712
0.214858
-0.0674388
-0.0249224
-0.0218293
-0.101789
-0.00344345
0.181415
-0.183168
0.0863038
-0.00718859
-0.14739
0.072819
0.0996411
-0.0929951
-0.310652
0.0620422
0.1439
0.0478445
0.0127792
0.0657377
-0.0634108
0.0596336
-0.326826
0.091873
-0.0525045
-0.0151305
0.108905
-0.00531576
0.0547968
0.105907
0.0822995
0.137151
0.0951414
-0.0526585
0.169191
-0.00979828
0.22015
0.0918658
0.131529
0.0672278
-0.0358864
-0.0831841
-0.155066
-0.123012
-0.105382
0.0581209
0.00358141
0.0382319
0.0877313
-0.145316
-0.176725
-0.242551
0.013374
0.0898891
-0.309376
-0.112819
0.079022
-0.0416008
0.202251
-0.0464637
0.0218286
-0.0635973
-0.251129
-0.162158
-0.00158804
-0.0813551
-0.107722
0.0463801
0.075141
0.00951357
0.0342392
0.0916547
0.101236
0.0612329
0.0485217
0.0438585
-0.158199
-0.296239
0.296147
0.12445
-0.0332025
0.134994
0.148363
0.082978
0.0897254
-0.206955
0.100176
0.182171
0.114968
-0.0167013
-0.0395314
-0.10145
-0.0829839
0.0993763
-0.125473
0.0609816
0.172299
0.0727023
-0.0116126
-0.110152
-0.0546577
-0.0791505
-0.00169823
0.112119
-0.0987432
0.215749
-0.0952633
-0.208627
-0.151521
-0.153801
-0.111666
-0.0465766
0.210499
-0.136803
-0.0220427
-0.16923
0.0703098
-0.028668
-0.0972597
0.155962
-0.216166
0.113356
-0.0838406
0.0154549
0.0544993
-0.270966
-0.0141202
0.235456
0.0526764
0.0862608
-0.0849702
0.0302389
0.0494741
-0.0595297
0.162742
-0.0960878
0.051745
-0.0597644
0.122789
0.306024
0.133546
-0.0178487
-0.0891021
0.036044
0.12242
0.24749
0.0636395
-0.0362858
-0.178755
-0.0167833
-0.0367232
-0.123974
0.182294
0.398494
0.094086
-0.0311493
0.0738448
0.215348
-0.185642
0.0271742
-0.00618081
-0.0775344
-0.0569787
0.113465
0.0879478
-0.125461
0.0765693
0.147258
0.0654329
-0.0937234
-0.0224288
0.0456216
-0.0607753
-0.0913439
0.00591406
0.00528621
-0.175435
0.18202
-0.0507212
-0.00152734
-0.0199501
0.100704
0.0454014
0.0646617
0.024276
0.23788
-0.106968
0.17215
0.0765031
0.114961
-0.135823
-0.0944437
-0.076217
-0.0192122
-0.0169884
-0.282336
0.124089
0.0853568
-0.131317
0.0611493
-0.0667081
0.0108072
0.0682284
0.242418
-0.0522609
-0.0388925
0.072881
-0.168755
0.269895
-0.155382
0.0515096
0.0374481
-0.0578003
0.0888543
0.167567
0.0683128
-0.153811
-0.00705608
0.0156615
-0.186719
-0.235372
0.001565
0.00670877
-0.0462744
0.168374
0.0636087
0.0190557
0.129348
0.0773252
0.142733
0.090094
0.0247804
-0.290981
-0.327303
-0.0102571
-0.107678
-0.166196
0.163049
-0.120315
-0.171932
0.182539
-0.239154
0.0524022
-0.078081
0.0867808
-0.145552
-0.197062
0.0318987
-0.366019
-0.0377685
0.0891786
-0.150217
-0.0526231
-0.0833002
-0.0469651
-0.106306
0.0505749
0.149434
-0.0246022
-0.0172725
-0.0359235
-0.136343
0.0381985
-0.0166048
-0.127883
0.197337
0.166554
0.219676
-0.0233917
-0.0552901
-0.114055
0.0288942
-0.109046
-0.05337
0.0159423
0.24365
0.142721
0.141418
0.00705197
-0.0296392
-0.178305
-0.0802127
0.131187
0.164013
0.226821
-0.0142328
0.0984825
-0.178935
-0.0595113
-0.160221
0.120169
-0.252836
0.301548
-0.0876447
0.00876816
-0.14337
0.0135452
-0.0349276
-0.249304
-0.0558581
0.0742592
-0.059482
0.31385
-0.105751
-0.149163
0.0539353
-0.175483
0.0874911
0.138642
-0.198867
-0.0174092
-0.013697
-0.0996682
-0.122195
-0.131795
-0.0106603
-0.0287438
0.173635
-0.11609
0.0281041
-0.0855826
0.147703
-0.111596
0.0651367
-0.00844767
0.0485053
-0.0658877
0.0588468
0.189847
-0.100946
-0.00793729
0.0956692
0.0214626
0.255165
-0.140086
0.0197387
0.0456828
0.0934075
0.0248162
0.0553436
0.152541
0.153393
-0.234116
-0.0178281
-0.063995
-0.0665869
-0.106242
0.158883
0.102681
0.0505853
0.0276672
0.131299
0.0690282
0.00713514
-0.0944592
0.1361
-0.211603
-0.23785
0.0127079
-0.134528
0.119017
-0.106181
-0.197045
0.0982552
0.00322946
0.0485946
-0.133303
0.20849
0.0867809
-0.134024
-0.154542
-0.0195461
-0.130443
-0.317585
0.178427
-0.00050366
0.065665
-0.0012204
0.129579
0.00969215
-0.0600115
0.257094
-0.142608
0.0971965
0.0632335
-0.0175378
0.0398235
0.195927
-0.194203
-0.00557188
-0.0326452
0.15127
-0.0216993
-0.0399793
0.145199
-0.0725175
0.0954945
-0.135873
-0.0118264
0.159881
0.0969211
0.0166944
0.102517
0.0288462
0.172737
-8.77763e-05
-0.0641105
0.325068
0.152459
-0.0219349
-0.0249146
0.172326
0.124361
-0.163144
-0.011896
-0.251785
-0.0655144
-0.0831409
-0.0919386
-0.182553
0.322555
-0.168565
0.115902
0.0593562
0.121196
0.247547
0.0180333
-0.105095
0.149432
-0.242626
-0.0820435
0.14045
-0.00973871
0.156227
0.0541326
-0.0609228
0.162993
-0.0429975
0.449197
0.143973
0.116617
0.14116
0.193798
0.161307
-0.106575
0.100118
-0.104374
-0.150299
0.124169
0.143566
-0.154053
0.0445854
0.0411079
-0.00131223
-0.188151
0.16225
0.125395
-0.0814812
0.241302
0.039186
0.235276
-0.0305353
-0.163072
0.0168373
-0.182768
-0.0905971
-0.00348949
-0.057647
0.17398
-0.0617931
-0.224475
0.237301
0.045975
-0.0143492
0.0685687
-0.144593
0.311913
0.142095
0.179626
-0.157999
0.115836
-0.0844405
0.131528
0.0904116
0.139344
0.0307175
-0.0192843
0.18513
-0.116153
-0.160363
0.0740768
0.0812355
0.241294
0.0409478
0.0603127
0.083441
-0.0562677
0.0195334
-0.246353
0.0253283
-0.175628
0.0172538
-0.0397956
0.162613
-0.0838746
0.0499414
-0.172544
-0.0441605
0.0186018
-0.218391
-0.1794
0.0831431
-0.174082
0.000161157
0.0556584
0.121373
0.0931055
0.0645393
-0.0331312
-0.104278
-0.0267896
0.00909933
-0.0307593
-0.0114703
0.191103
-0.0339822
-0.0472326
-0.0723768
0.215078
0.0176288
-0.00155033
-0.0798672
0.214813
0.102781
-0.0275522
-0.281472
0.211521
0.121869
0.220031
0.192212
0.0985327
0.107221
0.15079
0.137409
0.00488631
-0.0217618
0.0424521
0.298712
0.0512953
0.0863801
0.0584419
-0.0227809
0.260175
0.161974
-0.0521424
-0.0946952
0.0126227
-0.0935093
-0.17184
-0.216191
-0.285296
-0.00576983
0.0685527
0.0842483
0.0232356
0.0997012
0.0517881
-0.0331907
0.0728501
-0.00547374
0.0102727
-0.0702335
0.0700779
-0.000712094
0.121099
-0.0139378
0.00459922
-0.118775
-0.11629
0.0230874
0.0641535
0.160266
-0.0104029
0.0448701
-0.155304
0.136202
-0.104807
0.198439
0.13678
-0.268912
-0.0898335
0.0497382
-0.000523062
-0.109902
-0.0920183
-0.0824866
0.103461
0.147893
0.103899
0.0231218
-0.110059
0.0545479
-0.0189187
0.149097
0.152837
-0.0998522
0.0378635
-0.0206216
-0.0416779
0.0538576
0.149918
0.0473278
-0.123454
0.19611
0.269306
0.0609602
0.120101
-0.0871098
-0.0606897
0.0238486
0.0327507
-0.0295062
0.0871348
0.141161
-0.0979455
-0.230228
-0.0731513
0.0960557
0.0679681
0.141726
-0.176699
-0.0775087
-0.015577
-0.14196
0.114016
-0.136812
-0.105529
-0.0672274
-0.0195291
0.0503675
-0.037121
0.177285
-0.186015
-0.0174498
0.0953758
0.0654158
0.0608962
0.0392905
-0.132671
0.0675957
0.113197
-0.139815
0.124088
-0.0424571
-0.0080466
-0.118071
-0.0136759
-0.0656726
0.088084
0.236502
-0.129096
-0.0168247
0.0858214
0.213127
0.0398341
-0.305301
-0.00605215
-0.0874069
0.0706384
-0.0795956
-0.13594
0.0203265
-0.00778129
-0.203155
0.126013
0.149232
-0.109198
0.0455932
0.228579
0.215402
-0.0905512
0.0477223
0.0799259
0.080885
0.0554016
-0.0387757
-0.00475778
0.0374383
0.284996
-0.0663807
-0.126625
0.0616989
-0.0488664
0.189432
-0.087307
-0.0102911
0.0312254
0.02092
0.00337999
-0.0416913
0.189586
-0.312288
0.119786
0.127943
-0.0905319
-0.00921003
0.00700971
-0.0940228
-0.0885051
-0.0973474
-0.159899
0.085183
0.30398
-0.137274
-0.00952144
-0.0464095
-0.167143
-0.130988
-0.0948889
-0.0599385
0.0327778
-0.235711
0.144214
0.00367234
0.134346
0.23428
-0.0233769
0.0790268
0.121525
-0.155604
0.0496125
0.0601347
0.202381
-0.140852
-0.0541203
0.0360255
0.108137
0.210761
0.17948
-0.0618212
0.0499694
0.0226476
-0.0643863
0.0233598
0.165359
0.0697526
-0.0398208
0.152867
-0.103273
0.160631
-0.150513
0.0273602
-0.188903
-0.0120367
0.0810463
0.233689
0.274505
-0.133702
-0.0740449
-0.0226411
-0.0941857
0.230747
0.0742913
0.150195
0.182874
0.163122
-0.0365305
0.00176265
0.0643389
0.067529
0.16892
-0.062174
0.0982259
-0.000956891
-0.0119133
0.0962832
-0.198502
-0.286196
0.135896
0.207263
-0.0175678
-0.123554
0.055975
0.136497
0.132993
0.133936
0.0215907
0.00122705
0.034507
-0.00791297
0.0168386
-0.214927
-0.0732341
-0.116746
0.20115
0.0623759
0.0714472
-0.0212071
-0.0865203
-0.0823739
0.0514557
0.0627801
0.0348037
-0.0282312
0.123144
-0.137047
-0.0617039
0.0553184
0.148063
0.081523
-0.172311
0.155431
0.0375612
-0.0532904
0.169732
0.250439
0.0701379
-0.0431281
-0.141245
-0.0460472
-0.169635
-0.0528898
-0.0652711
-0.0218668
-0.117447
0.11344
-0.0125011
-0.215375
-0.0519911
-0.0646944
-0.137033
0.0774255
-4.77891e-05
-0.143713
0.0279666
0.0737711
-0.0849051
-0.0222604
-0.0917567
-0.125929
-0.24732
0.308941
0.110145
0.212988
-0.0455965
-0.0832193
0.0686052
-0.00688604
0.204075
-0.119697
-0.0766118
0.0959669
0.108703
0.00791091
0.021326
-0.0991006
0.0493288
0.12599
0.105383
0.134589
-0.127979
-0.0277792
-0.0813813
-0.0927021
0.0339603
0.0456609
0.148353
-0.115424
-0.126149
0.11699
0.130773
-0.0768946
0.0043179
-0.157568
-0.11836
0.00170564
-0.16823
-0.122057
-0.0798599
0.156079
-0.0556518
-0.133126
0.0890799
-0.0886703
0.0505505
-0.168765
0.0396931
0.416153
-0.00729187
0.160671
-0.0422843
-0.136262
0.00129687
0.0980613
0.263063
-0.0315879
0.0609832
-0.0223554
0.00183935
-0.178433
-0.0298133
-0.0804976
-0.062817
-0.0235928
0.0655143
0.209153
0.0565207
-0.0376241
0.114897
-0.0851076
-0.0457642
0.0391704
0.125764
0.111683
-0.0447009
-0.0634306
-0.0697379
-0.242374
-0.0855748
0.00297344
0.00179931
-0.00968245
-0.135354
0.165295
-0.0468908
0.105287
-0.21256
0.0210935
-0.0942954
0.00219989
0.123484
0.0684517
-0.130331
-0.0491059
0.0540005
0.134985
-0.0283063
0.138859
0.122469
-0.125405
-0.00674314
-0.0340887
-0.0569417
0.0605288
-0.126925
0.0674176
0.0219307
0.255588
-0.146505
-0.0179874
-0.103388
-0.27428
0.133281
0.00540787
0.172585
-0.24717
0.0427419
-0.0739297
0.0241177
0.14244
0.111466
0.0158946
0.00774242
0.0246452
0.132978
0.419772
0.159263
0.0450993
0.229182
0.118328
0.0268135
-0.158798
-0.215478
0.082275
-0.0580348
0.034535
0.0272328
0.257197
0.0746914
0.0349361
0.0695231
0.153155
-0.0372025
-0.169524
0.0726653
-0.0861601
-0.0541586
-0.116833
-0.0342359
-0.209616
-0.126852
-0.184567
-0.178973
-0.0463484
0.0413072
-0.0436361
-0.16272
-0.108379
-0.143672
-0.0690823
0.214875
0.10979
0.116879
-0.0440795
-0.044004
0.0246364
-0.042236
-0.0884048
-0.173396
0.045083
0.254663
-0.15672
-0.156149
0.111861
0.0124468
0.144387
0.0655869
-0.0455009
0.109535
-0.156427
-0.0359365
0.0814169
-0.0815224
-0.0252244
0.0755001
0.189691
0.084164
0.107839
-0.305364
0.0376906
-0.288032
0.140392
0.0808899
0.430701
0.0211124
-0.000863089
-0.0155454
0.0220246
0.0975375
-0.0654721
-0.0951281
-0.0615073
0.018948
-0.172721
0.0958525
0.0532587
0.190478
-0.175754
-0.123622
0.163815
-0.0686531
-0.0780489
-0.122938
0.0633626
0.160267
-0.0880714
-0.145516
0.084089
-0.0100282
0.0258476
0.0696859
0.153641
0.0139318
0.019018
0.183165
0.0346574
0.162416
-0.2562
-0.106955
0.0779269
-0.0350852
0.148168
-0.000612027
-0.0777897
0.0571289
-0.0985028
-0.0296594
-0.0745596
-0.111326
-0.108756
-0.250499
-0.0602389
0.269179
-0.0771847
0.173217
-0.124997
-0.168804
-0.00591792
-0.0286504
0.0383344
-0.0738676
-0.233041
-0.206958
-0.0542319
0.0453569
0.290945
-0.172555
0.0131428
-0.102501
0.00924793
-0.0864561
-0.154637
0.124857
0.0446594
0.0414605
0.044061
-0.0322095
-0.187273
0.00787675
-0.0948125
0.155762
0.0318353
-0.0244156
-0.00428412
-0.0772611
-0.0186189
0.144724
-0.0182559
0.00502035
0.0684456
-0.249034
0.052148
-0.270372
-0.102102
-0.0705525
-0.00944392
-0.0367499
-0.146631
0.00351669
-0.0751487
0.127554
-0.167962
-0.0790712
-0.0793612
0.114356
0.129947
0.0517786
-0.207069
-0.0960795
-0.00763431
-0.0921957
0.0325236
-0.00933095
-0.0621765
0.184273
0.0930473
-0.00823484
0.00892072
-0.159678
-0.0738736
0.0709748
-0.0743789
0.121544
0.07465
-0.0744006
-0.0544179
0.17809
0.178839
-0.0104216
-0.0255846
-0.0547234
-0.144098
0.165707
0.0333004
-0.0316079
-0.136248
-0.2208
-0.0499446
-0.0934033
0.146864
-0.0174816
-0.00478056
0.191395
-0.139565
-0.0529585
0.0677472
-0.0556676
-0.110218
-0.191715
-0.0133899
-0.235949
0.098188
0.0466942
0.188931
-0.303783
0.0340874
0.163712
0.0901181
-0.00229352
-0.0706306
0.103566
0.0346844
-0.0152607
0.162394
0.026401
-0.151735
-0.206382
0.222012
-0.129991
-0.00207858
0.130829
-0.000771671
0.00431628
-0.0442773
0.0437821
0.11906
0.0237173
0.0162431
-0.0185688
0.150271
-0.0844595
0.0911939
-0.147406
-0.104962
0.144788
-0.190055
-0.0715691
-0.0186942
0.0909379
0.0877924
-0.177915
-0.0571063
-0.0351757
0.0392199
0.0253126
0.130086
0.0742304
-0.0298229
-0.159585
-0.314286
-0.0714958
-0.0698894
0.301396
-0.00744531
-0.108832
-0.0254726
-0.0753049
-0.126153
-0.0309242
-0.199926
0.225258
-0.0354045
-0.0938732
-0.0601484
-0.0659625
-0.0937439
0.0106686
-0.0561098
0.0716103
-0.121565
0.0716381
-0.0528608
0.0101987
-0.0129823
0.279031
0.16134
0.0510323
0.0223773
-0.0798127
-0.0181633
-0.0517874
-0.0971982
0.140415
0.0753694
-0.187855
0.201475
-0.0794453
-0.0519904
-0.0317144
0.097511
0.266766
0.0786513
-0.0947353
-0.161107
-0.00368926
-0.0426057
0.0350249
-0.217254
0.248339
0.196087
0.159919
0.102226
-0.243331
-0.133684
0.116216
-0.186055
-0.223149
-0.141467
0.152532
-0.00833313
0.0647007
-0.0395773
-0.109862
0.0821275
0.0629937
0.0496114
0.0789204
-0.0254179
0.145662
0.151155
0.0182008
-0.0412688
0.0289668
0.0581249
0.159011
0.0229346
0.0883168
-0.212532
0.124521
-0.150928
0.101394
-0.246171
-0.221751
-0.0159598
0.157292
-0.00586794
0.155431
0.0964283
-0.042313
-0.0039765
0.133469
0.0145364
-0.132382
-0.108469
-0.133312
0.139795
0.0953023
-0.0794715
0.00731075
-0.106297
-0.101934
0.0746088
-0.127802
-0.0776878
0.189022
-0.189589
-0.116668
0.046306
0.0735848
-0.0164674
0.00770934
0.166654
0.0612307
0.045064
-0.0988957
0.0229398
-0.020441
0.0564551
-0.0739219
0.245499
-0.10426
-0.123518
0.234846
-0.0552606
-0.0826592
0.067133
-0.0816885
-0.152471
-0.043701
0.0199529
0.0420079
-0.00156691
-0.0400609
0.0592153
0.24474
0.0880513
0.160484
0.0191103
0.0860452
0.192613
-0.1575
-0.0201956
0.0996551
-0.0994239
0.0550042
-0.144659
-0.0296541
-0.199892
-0.0736222
-0.168162
0.0496159
0.164603
0.052623
0.020604
0.0997177
0.0911685
0.019179
-0.102296
-0.22323
-0.028496
0.0358292
-0.111093
0.0440803
-0.0369937
0.0345451
0.0202549
0.0532348
-0.0160218
-0.364101
-0.0436072
-0.107337
-0.0616662
-0.19609
0.159543
-0.161219
0.0319905
-0.139053
-0.0241115
-0.0385444
-0.0718126
-0.108999
-0.107932
0.00704837
-0.0591708
-0.170196
-0.0607615
0.028213
-0.126905
-0.102538
-0.213007
-0.0569466
0.119765
-0.21508
0.0310061
0.10318
0.00491869
0.00378284
-0.0972412
0.356576
-0.0615261
-0.0443058
0.108976
-0.0286816
0.140138
0.0544285
0.121667
0.0892387
-0.168507
0.0387947
-0.22265
0.211765
-0.153062
0.0408091
-0.0246029
-0.176231
-0.0407889
-0.260291
0.0236364
0.0232262
-0.14404
0.075776
0.0119291
-0.0176974
-0.172551
0.209409
-0.147143
-0.0604539
0.1042
-0.0139933
-0.174631
0.0416248
-0.0100164
0.022097
0.244377
0.0085038
-0.184366
-0.199712
0.0821235
0.0739205
-0.0902256
0.0856583
0.172049
-0.148117
0.244902
-0.255601
-0.0734217
0.0344122
0.0173007
-0.287591
-0.037029
-0.128076
0.22395
0.0177649
-0.0164898
-0.104356
-0.0014633
-0.0371864
0.13504
-0.0675126
0.143783
-0.0274645
0.215898
0.122871
0.0455485
0.00964845
-0.179375
0.0653823
-0.240296
-0.200891
-0.102854
0.197836
0.0322127
-0.149298
-0.140541
-0.0691619
-0.148027
0.153289
-0.135281
0.0187488
-0.046331
-0.083845
7.85748e-05
-0.0971509
0.165624
0.0184506
0.228059
0.232779
-0.0268305
0.123319
0.273678
0.210381
0.0539075
0.00693457
0.215921
0.047546
0.0163989
0.0119892
-0.219612
-0.102743
-0.12338
0.0759006
-0.276078
-0.0235677
-0.206864
-0.0283549
-0.231607
-0.0408061
-0.053016
0.105958
0.00212643
0.112331
0.0202031
0.187372
0.259104
-0.269367
-0.0811164
-0.0244729
0.211964
0.190789
0.103642
0.200978
-0.112756
-0.0247727
-0.230394
0.0251022
-0.0734778
-0.0641736
0.166933
0.0196537
-0.112062
0.0484697
0.100393
-0.0529961
-0.0641541
-0.0573118
-0.0369469
0.0778687
-0.291078
-0.0329836
-0.285469
-0.194983
-0.129337
-0.0275382
-0.00455809
-0.0852383
-0.079769
0.307103
0.219655
-0.150397
0.0487784
-0.105812
-0.00486973
0.132622
0.101632
0.0432169
-0.165757
0.0520241
0.0683286
-0.0652343
0.157896
0.0343469
-0.1351
0.238974
-0.00967143
-0.146184
0.00361391
-0.089431
0.00602875
0.052843
-0.0831888
0.0497564
0.107948
-0.0298777
0.0375027
0.150421
0.0479882
-0.0926102
-0.020034
0.11016
-0.0444563
-0.144616
0.0170319
-0.0251585
-0.0315326
-0.0449426
0.00167195
0.116249
0.14018
0.127815
0.0220837
-0.192398
0.399629
0.0755908
-0.0395834
-0.151247
0.0866352
-0.0780639
0.0849665
0.0185267
-0.142124
0.178342
-0.0560965
-0.0779837
-0.21846
-0.159246
-0.214713
-0.062797
-0.251815
-0.00813689
-0.0331065
0.0049409
0.0443876
0.0257409
-0.0235443
0.0324076
0.0215449
0.209205
0.150848
-0.0327527
-0.0807641
0.102889
0.118322
0.0128053
-0.0178287
-0.0614051
0.0228676
-0.150139
0.0568276
-0.0673758
0.0119622
-0.326315
-0.10902
-0.037931
0.0976794
-0.10911
0.0183381
0.0656072
0.0161865
-0.182316
-0.0229838
0.24179
-0.267969
0.185948
0.0212219
-0.0885328
-0.134854
-0.221289
0.274036
0.102148
0.0335613
0.00901144
0.125647
0.00493332
-0.104051
-0.00469576
-0.138839
-0.0493538
-0.0168652
-0.0402685
-0.0592443
0.0634889
0.0733033
0.154899
-0.250585
-0.0253552
0.175194
-0.0739054
0.180511
-0.108601
0.0149953
-0.111718
0.0186037
0.0254512
0.183562
-0.0876477
-0.23609
0.0396477
-0.0315788
-0.220199
0.00911278
-0.142682
-0.0334513
0.0071052
-0.0836365
0.186418
-0.0709556
-0.0896348
-0.000876019
0.0959813
0.0521733
0.14654
0.0980997
0.176483
-0.140368
0.05817
-0.218021
0.417531
0.00979782
0.130681
-0.0456085
0.283299
-0.117529
-0.053423
-0.0584488
0.0321658
-0.0480593
-0.0143093
0.0939145
0.0914658
-0.195794
0.249715
0.0892905
-0.0814363
-0.0989244
-0.0246323
0.1267
-0.0786505
0.0305335
-0.0452487
-0.114746
0.0387457
-0.0813172
0.0245021
0.13598
-0.130409
-0.0604871
-0.119474
-0.0955628
0.0729809
-0.0188575
0.249103
-0.0519599
0.0548605
0.0933093
0.187422
-0.0332301
0.103049
0.118394
0.0152663
-0.00437692
-0.102626
0.214928
-0.0794396
-0.114141
-0.21372
0.042637
0.0766768
-0.117867
-0.0817455
0.149473
0.065537
-0.136744
-0.0431895
-0.0974186
0.0652127
-0.0273073
0.0458512
-0.0536751
-0.0463076
0.120127
0.0294368
-0.0433274
-0.277534
-0.0277253
-0.126423
-0.0453367
0.245053
0.0830577
0.000147957
-0.0259904
-0.0270858
-0.0730055
-0.0785031
-0.028876
-0.0965387
0.357971
-0.00486496
0.00303853
0.139187
0.108798
-0.101698
-0.11268
-0.0135955
-0.0246868
-0.162516
0.0494472
0.00378909
0.0965384
-0.0833436
-0.00489413
-0.00762428
0.140178
-0.0358127
-0.224758
-0.0117833
-0.259786
0.0233304
0.0120575
0.10352
-0.157608
-0.161605
0.153894
-0.00289339
-0.0072994
-0.133415
-0.0347545
0.276295
-0.150336
-0.413471
-0.0777997
-0.0686923
0.0433136
-0.0478834
-0.0127794
0.0417246
0.102243
-0.0171844
0.235626
0.0392025
0.0325851
-0.312178
0.0710805
0.294531
-0.0510992
-0.0440361
0.158344
0.0129791
-0.121378
0.0110927
0.113325
0.0305889
-0.123126
-0.0220339
0.0477445
0.0712165
-0.0191568
0.02271
0.149934
0.0348086
-0.012093
-0.0160839
-0.0610411
-0.0488679
0.030563
-0.139396
-0.107022
-0.099842
0.0508831
0.0248802
-0.123186
-0.155345
0.0582515
-0.162244
0.0814475
-0.110836
0.0356786
-0.0924749
-0.0492865
0.11946
-0.0545774
-0.0165974
-0.116957
0.21654
-0.0528475
0.17174
-0.100201
-0.0628132
-0.0718614
0.0421993
-0.0835977
0.107862
0.148282
0.28917
0.0388566
-0.0145634
0.0533417
0.0460376
0.0726444
-0.182353
0.118418
-0.119459
0.187508
0.245342
-0.138204
-0.101475
-0.107832
-0.0644597
-0.0989995
-0.140522
-0.176054
-0.0531598
0.0486998
-0.143265
0.100883
0.0256933
0.133806
-0.15198
0.122545
0.222328
0.102642
0.145105
0.176583
-0.0727814
0.0089816
0.0705045
0.122476
0.0128996
0.0307513
0.0732369
-0.0428686
-0.0198265
0.0380113
0.175379
0.100291
-0.148434
0.0507109
0.0793262
-0.0772297
0.065823
-0.0798441
0.0237221
0.103028
-0.343899
0.205984
0.238648
-0.0111787
0.0532098
0.11219
0.0272293
-0.129848
-0.219691
0.180373
-0.156517
0.0651396
0.111879
-0.119224
-0.0024208
-0.196224
-0.208153
0.000267072
-0.254678
-0.027174
-0.108294
-0.0544238
-0.0338624
-0.0591362
0.112626
-0.0899642
0.239135
-0.00350226
-0.00499327
-0.00588551
0.202683
0.279997
-0.0846607
0.00767401
-0.172667
-0.23793
-0.0686503
-0.0483056
-0.201687
0.0981679
-0.105956
0.108653
-0.0120539
0.0551386
0.195126
0.0845977
0.0758158
0.0211315
-0.0760058
-0.0723485
0.0388118
-0.00722936
0.219808
0.134911
0.0448013
0.0499836
-0.264395
-0.0366565
0.364264
-0.0305928
-0.111716
0.11736
-0.0335391
-0.0571266
0.130693
0.168938
0.039955
0.0593567
0.0693556
-0.048173
-0.0368073
-0.0933806
0.205937
0.0459413
0.0314353
-0.132323
-0.0981589
-0.117301
0.184093
0.066379
-0.152584
-0.00411534
0.0500171
0.103457
0.0349207
-0.0116549
0.0157653
0.000548532
0.0274071
0.0167193
0.0968626
-0.103886
0.091255
-0.150927
-0.0391076
-0.0546219
0.0248212
-0.0332459
-0.0582453
0.126382
-0.177423
-0.263009
0.159461
-0.108921
-0.116232
-0.150871
-0.223078
0.0364367
0.0320936
0.0274259
-0.00420829
-0.0824851
-0.0593892
-0.0844184
0.156679
-0.0344514
-0.0477298
0.159137
0.00877614
0.0857344
0.353992
0.161611
0.0261841
-0.0896578
0.317818
0.0198084
0.130977
-0.0487939
-0.206132
-0.0691172
0.208956
-0.0252531
0.179381
0.131748
-0.0149989
0.00554145
-0.0643101
-0.0333347
-0.1001
0.0683959
-0.0884131
0.00820841
0.0893614
0.0788363
-0.0199004
0.096012
-0.0655852
0.229147
0.124889
-0.22771
-0.0401516
-0.0435016
-0.0608463
-0.0421578
0.161991
0.0978826
-0.0122664
-0.158427
-0.0361964
-0.0555014
0.145741
0.0989858
-0.0511393
-0.131838
0.0696069
-0.00300332
-0.213091
-0.139673
0.0750057
0.225602
-0.0762664
0.259154
-0.209321
0.141298
0.0648573
0.122718
-0.046216
0.095631
0.00165738
0.120558
0.195354
0.0528316
0.0991383
0.241588
-0.0904376
-0.0150399
0.0239487
0.0244434
-0.0348843
0.0437148
0.276578
0.347642
-0.0063838
-0.0224272
-0.0295676
-0.0480306
0.175118
-0.0934035
0.0338963
0.00213026
-0.0437257
-0.0368753
-0.062969
-0.076314
-0.0860618
-0.000130736
-0.118574
0.0534151
-0.094702
0.0736584
-0.0100343
-0.0860178
-0.0596774
0.0709063
0.055315
0.0174374
0.169022
0.0536053
0.0484553
0.109941
0.0909898
-0.0918891
0.0201318
-0.0929375
0.13778
0.0673343
-0.0453739
0.0557697
-0.0681219
-0.152926
0.238066
-0.102508
-0.155679
0.096104
0.0413149
-0.0237556
-0.204334
0.0111318
0.121875
-0.134533
-0.0195212
-0.148005
0.0215245
-0.0192822
0.0296499
-0.163284
-0.00551439
-0.116938
-0.0657059
0.228945
0.103939
-0.153085
-0.25607
0.0370617
-0.0812243
0.128459
-0.0292274
0.0116053
-0.0567802
-0.177243
-0.0742435
-0.2551
-0.134648
0.0829168
0.0503417
0.0677892
-0.0363613
0.0780237
0.235114
0.0125926
0.021851
-0.0798858
-0.0701799
0.142667
0.213272
-0.0689268
0.079944
0.0657143
0.137696
-0.104267
0.0965794
0.00211223
-0.0449543
-0.107974
-0.0565587
-0.302556
0.0550325
-0.0728208
-0.0320006
0.144206
-0.0797391
0.00628003
-0.0910561
-0.00481233
0.0132192
-0.111425
0.12931
-0.30133
-0.132702
-0.224116
0.0344146
-0.019148
0.10705
-0.00586813
-0.0627846
-0.0965233
-0.15889
0.0760899
-0.120246
-0.0623041
0.0119002
0.0146802
-0.141531
0.216655
-0.165195
-0.216226
-0.0696874
0.140846
0.0833679
0.0390657
-0.0981281
-0.121333
-0.259152
0.0839035
-0.0260454
-0.184401
-0.193237
0.212007
0.0430811
0.26787
0.143284
0.108874
-0.0692862
0.0609621
0.18139
0.167348
-0.0734682
-0.148864
0.136573
-0.0631901
0.111821
0.112705
0.0862359
0.138475
-0.0215996
0.02136
0.0511077
0.137631
0.182216
-0.0296015
0.112547
-0.0505864
-0.130951
0.0892247
0.0876192
-0.236276
0.0774023
-0.262695
-0.0855803
0.153484
0.159289
-0.204455
0.11804
0.0685512
-0.149895
-0.116339
0.0875894
-0.105994
0.0713729
0.0460414
-0.0119722
0.0463143
-0.0259377
-0.186134
0.160052
-0.216356
0.026576
0.046121
-0.0869403
0.0622207
-0.134491
-0.056379
-0.169288
0.0462525
0.0554373
-0.200107
0.0929061
-0.0824397
-0.00114976
-0.0388214
0.0896774
0.0214027
0.0248103
0.185177
0.251641
-0.0495848
-0.0927689
-0.0737861
0.129225
0.153124
-0.043565
-0.166798
-0.0947724
-0.132052
0.0565197
-0.0161621
-0.0623168
-0.15122
-0.00444131
-0.0217797
-0.017564
0.0799697
0.13296
-0.145921
0.257316
0.00135394
0.0256149
0.136965
-0.218133
0.0599313
-0.252976
0.160619
0.0873491
0.144789
0.176223
-0.107745
0.0484685
-0.241731
-0.069475
-0.0448227
0.184367
-0.0136027
0.0100235
0.135957
-0.0753819
0.354617
-0.0839456
-0.0998162
0.0315449
0.298477
-0.12659
0.0107665
0.129259
0.060398
-0.0674733
-0.0885122
-0.0236191
-0.0263541
-0.080145
0.0642561
0.0296611
0.109316
0.0891796
-0.190553
-0.00418027
0.120722
-0.0485074
0.234299
0.273625
0.0392259
-0.00267354
0.0753604
0.280804
0.165123
0.164178
0.116419
0.090863
2.21516e-05
-0.168575
-0.082107
0.0227621
0.106672
0.0709901
0.00181962
0.0774709
-0.216432
-0.077166
0.0910449
-0.167681
0.0360703
0.146587
0.0537868
0.0986499
-0.117324
-0.0252112
-0.0950093
0.0477698
-0.0737701
-0.181495
0.0948049
-0.122046
0.109275
0.0283232
-0.104531
0.221229
-0.228301
0.104312
-0.168563
-0.031423
0.119298
0.0407536
0.00165366
0.023949
-0.0492305
-0.158511
0.239829
-0.124766
-0.00549279
-0.113871
-0.0848991
0.102438
0.0738772
-0.139821
0.180141
-0.0984308
0.110578
0.0452623
-0.112272
0.102702
-0.00622834
0.0122604
-0.134262
-0.0704179
-0.124462
-0.0810256
0.177127
-0.0964083
-0.181988
-0.104132
0.113201
-0.202245
0.063446
0.106765
0.114163
0.00473753
0.0862735
-0.233497
0.0584523
-0.0444102
-0.0630543
-0.0200968
-0.0353367
-0.0570572
0.15969
-0.0724962
-0.157777
0.0322536
0.143295
0.0999361
0.00217556
0.220115
0.0361499
-0.0560524
-0.104681
0.175548
0.030276
-0.114175
-0.0501255
0.259011
0.167826
-0.108202
-0.190954
-0.240849
0.0205274
-0.0252935
0.191748
0.166442
0.0292722
0.146965
-0.107702
-0.185703
-0.074203
0.063007
0.0479913
0.134892
-0.0841932
-0.265462
-0.104334
0.0742413
0.0387059
0.163118
0.00925607
0.0495585
-0.134722
0.219318
-0.0682331
0.0996288
-0.0523191
0.0271775
0.049092
0.0646256
-0.160059
0.0602902
0.145557
-0.161386
0.249783
-0.102014
0.243639
-0.109797
-0.110351
-0.107334
-0.115227
0.0905853
0.087442
-0.258749
0.0283238
0.106557
0.168235
0.0111322
-0.194192
0.0769138
0.111685
-0.0270343
0.173381
0.0536219
0.0174163
-0.124648
0.0259983
-0.0973751
-0.00054637
-0.0931441
-0.0482481
0.0612951
0.0244952
0.323143
0.00781532
-0.0507267
0.0563184
0.269429
-0.00711231
0.0212565
0.109441
0.194349
-0.255483
0.1095
0.106343
-0.365662
-0.128163
-0.0337011
0.00859494
0.0980113
0.165434
-0.0663667
0.0790315
-0.0493344
0.141357
-0.0831321
-0.130942
-0.0177353
0.150672
-0.0413969
0.0912622
-0.0046638
-0.0914442
-0.00523748
0.225045
0.0396558
-0.0296571
0.0892699
0.0845767
0.0831229
-0.120164
-0.299136
-0.0492742
-0.0280848
-0.0584511
-0.0776035
-0.092119
0.0293879
-0.0641379
-0.152525
0.180454
0.0606028
0.0971823
0.0378376
0.118986
-0.135089
-0.125613
-0.104416
0.0876001
0.0459307
-0.0759874
0.061918
-0.210619
0.204954
0.129756
-0.233913
-0.273692
0.0187866
-0.00149841
0.0381078
-0.0642148
0.0902724
-0.0498908
-0.127294
0.117343
-0.0258748
-0.0563578
-0.196321
0.120919
0.147276
0.0261966
0.135361
-0.211489
0.114541
-0.133453
0.0994319
0.263798
0.120644
-0.334791
-0.0210772
-0.0458761
0.0896828
-0.0211711
0.0494318
-0.0243168
-0.199458
-0.102426
0.00180527
0.0699949
0.00285413
-0.0612932
-0.114325
0.0237735
-0.0681912
0.221477
0.0446263
0.0629139
-0.0100298
0.158892
-0.0499921
-0.00455867
-0.0788087
-0.0915288
0.122013
0.0193544
-0.12899
0.0594864
0.0436035
-0.069471
0.0260685
0.0504425
0.125403
-0.173575
-0.201696
-0.0342945
0.0162218
-0.134616
0.039197
-0.0770189
-0.0731454
-0.083812
-0.0280498
0.0716797
-0.0853007
0.0585571
-0.109544
0.0700594
-0.0264465
0.0750969
0.0343542
0.0274345
0.144935
-0.140462
0.230347
0.090271
-0.113495
-0.258146
0.00431314
-0.174889
0.094948
0.157904
-0.300826
-0.0375623
-0.351072
-0.109075
0.0181291
-0.0740038
-0.0436962
-0.0325013
-0.0908425
-0.133398
-0.0588728
-0.0252719
-0.190721
0.0051375
0.0561785
-0.187671
0.0677156
-0.0662861
-0.348163
-0.0981568
-0.0875388
0.014308
-0.0659065
-0.0387516
-0.069366
-0.0498256
-0.0389713
-0.236867
0.213164
0.104023
0.014815
-0.110626
-0.0667497
0.0241132
0.217726
-0.0976159
0.113256
-0.272413
-0.237498
0.00815278
-0.248249
0.137488
0.253816
-0.0576677
0.149162
-0.299235
0.0150664
-0.0824757
-0.0387731
-0.274346
-0.0118343
0.0749132
-0.0302898
0.143635
-0.206452
-0.0433897
-0.178902
0.176641
-0.154114
0.0503659
-0.178452
-0.0332206
0.137035
0.0959219
0.114535
-0.0017557
-0.135061
-0.174332
-0.135389
0.0874613
0.0189517
0.0216105
-0.0370001
0.196197
0.00139243
0.219129
0.146223
-0.00103216
-0.120082
-0.101239
-0.0155847
0.0797306
0.116849
-0.0144178
0.061578
0.124199
-0.0102924
-0.0178223
-0.287472
-0.137461
-0.0925806
0.00348569
0.0648845
0.167492
-0.00286513
-0.0545837
0.126452
-0.248208
-0.239319
0.271694
0.0910389
-0.0262806
0.148858
-0.18739
0.0223869
0.341628
0.0986376
-0.243163
0.084251
0.103194
0.130922
0.131283
0.121561
-0.182556
0.0122191
0.103163
0.130674
-0.00714331
-0.0564762
-0.0352422
-0.00976313
0.0671809
-0.197738
-0.0570122
-0.110527
-0.208863
-0.23926
-0.126429
-0.101895
0.00908844
0.0538266
0.181046
0.0538115
-0.160567
0.0084565
-0.133592
0.155284
0.184504
0.0417877
-0.0276316
0.129947
0.0717653
-0.00193496
-0.0239304
0.05235
0.290233
0.108837
0.307814
-0.125948
-0.168673
0.147155
0.126056
-0.0901623
-0.0211286
-0.050601
0.0824536
0.103585
-0.142205
0.222627
0.0149182
0.0279587
0.0894868
0.0707535
0.14283
0.0968266
-0.338687
0.210802
-0.0599264
0.028402
0.21845
-0.0391852
0.0142959
-0.1157
0.103417
-0.223303
0.108028
-0.152768
0.2117
0.188265
-0.274847
-0.151378
0.0197871
0.0802913
0.0886991
0.0799496
0.0184072
0.0121767
0.136311
0.146468
-0.32038
-0.0639402
0.0497097
0.152619
0.150668
-0.167341
0.0479551
-0.015299
0.306871
0.0974526
0.173857
0.037586
-0.0224413
0.254386
-0.0766779
-0.162409
0.132343
0.00173602
-0.124452
-0.0161021
-0.215258
-0.00924756
-0.0266503
0.283229
0.0450602
0.0748036
0.0730241
0.0327392
-0.0427426
-0.0276557
-0.0904873
-0.192487
-0.0589668
0.00626217
0.004535
0.0541109
0.0976484
-0.262486
0.216229
-0.0424195
-0.161139
0.19539
0.0905158
-0.35493
0.182005
-0.0846544
-0.0260292
0.027768
-0.126395
-0.181838
-0.00224307
0.0756473
0.156723
-0.119957
0.0506144
0.0367854
-0.109184
0.084338
0.077893
0.116568
0.145255
0.148879
-0.0492628
0.103612
-0.0127279
0.0450759
0.0887586
0.122187
-0.0721288
-0.125147
0.0729608
-0.139614
-0.257128
0.157233
0.0257997
0.137384
-0.0359961
0.0265406
0.0231182
0.0350379
-0.0667309
-0.25726
-0.101663
-0.261999
0.0731751
0.15081
0.222557
0.22077
-0.0058429
-0.0418009
-0.0206864
-0.110307
0.0609321
-0.0222278
-0.18352
-0.0311577
0.228671
0.379397
-0.114108
-0.0743248
0.000292666
-0.190743
0.294435
0.111062
0.0954501
0.117068
-0.180369
-0.0551133
-0.162171
-0.0164278
0.0429525
0.0568546
-0.0620326
-0.00861362
0.0845951
-0.113903
-0.195965
-0.155808
-0.140358
0.0850606
-0.121958
0.0426891
-0.198093
0.0830597
0.0679041
0.174119
-0.099155
-0.270788
-0.0185725
0.0387821
0.214378
-0.0231201
-0.271221
-0.0404046
0.228293
-0.0914266
-0.0639907
-0.0359457
0.235906
0.0357589
0.0874365
-0.0797867
-0.258421
-0.278298
-0.139213
0.247661
0.00666683
-0.110644
-0.0332211
0.296233
0.275512
-0.137453
0.0717364
-0.0691948
-0.103569
0.261239
0.00591695
0.0391067
0.13731
0.100861
-0.119478
0.0911841
0.338056
0.0266076
0.106081
0.127603
-0.00446186
-0.0878447
0.128363
0.0177289
0.303658
-0.054259
0.288618
0.0244255
0.195794
0.217348
-0.090842
-0.03578
-0.00740088
-0.165118
-0.135414
-0.0332643
-0.00727813
0.101747
-0.0209496
0.187326
-0.0905177
0.267368
-0.115076
0.0813835
-0.0576699
-0.083346
0.169661
0.189531
0.119929
-0.0370525
0.0294864
-0.0330121
0.125199
0.11991
0.18927
0.0621984
-0.100095
-0.0521105
-0.227405
-0.0363656
0.106505
0.132706
-0.0250995
-0.0618367
0.0134171
-0.0225183
0.151219
0.0741849
0.102957
-0.0325826
0.187734
0.064257
0.251538
-0.0574691
0.148885
0.0310921
-0.0226704
0.0784303
0.107825
0.176125
0.11319
-0.16825
0.190798
0.0394438
-0.134019
-0.235463
-0.15924
0.0305686
0.124698
0.0313436
0.0665744
0.0589346
-0.115523
0.0919346
0.133567
-0.345899
0.0910324
-0.0944291
-0.0927892
-0.0143135
0.0712458
0.0247365
0.0856076
0.231807
-0.23569
-0.227707
0.0135523
-0.302463
-0.0149348
-0.0414827
-0.0329768
0.0128931
-0.0241289
0.128204
0.064043
-0.0191668
-0.084021
-0.0111181
0.027401
-0.039116
-0.314966
-0.118825
0.10228
-0.0341109
-0.148577
-0.163381
-0.0419436
0.248864
0.19197
0.0182932
-0.0739766
0.103461
-0.0856155
-0.0570612
0.0945825
-0.0232355
-0.00100668
-0.169977
0.177011
0.0788269
-0.124068
-0.0932549
-0.0492903
-0.0242218
0.061524
0.110385
0.0477979
0.0454701
-0.0664597
0.191024
0.0613241
-0.0456534
0.164742
-0.136744
-0.00946609
-0.249312
0.087286
-0.0188141
-0.0619047
-0.00394683
-0.0882218
0.0468394
-0.0597256
-0.0886664
0.144119
-0.110105
-0.19839
0.0623895
-0.0282383
0.0793637
0.116252
0.00523919
-0.0268965
-0.073335
-0.271249
-0.0763604
-0.193394
-0.000849724
0.00863513
0.259345
0.0516959
-0.0109384
-0.00994065
0.174952
-0.0233642
0.108252
-0.0674345
0.0194805
-0.0197535
-0.0744083
0.0776061
0.0757541
-0.156183
0.151566
0.168846
0.00145181
0.0927712
-0.034803
0.0930377
0.0251682
0.0930881
0.108124
-0.0162121
-0.272763
0.102118
-0.00756542
0.0415064
-0.0439898
0.244217
-0.0899909
-0.139809
-0.166325
-0.144164
0.0446637
-0.104234
0.0318798
0.142118
-0.00600123
0.168341
0.0132873
-0.0449601
-0.252949
0.199108
0.0233029
0.0814681
-0.165664
-0.0216539
0.007963
-0.170189
-0.0458341
-0.110736
0.032313
-0.176877
-0.0166182
0.208404
0.0178285
0.0640875
-0.0363609
-0.0465102
-0.11183
0.31543
0.125974
-0.092824
0.17235
0.146172
0.179425
0.0646458
-0.344181
0.200308
0.00252666
0.0630905
0.0881327
0.0939896
0.246974
-0.184976
-0.0156406
0.245649
0.089146
0.0999414
0.144751
-0.243265
-0.341054
0.243362
0.000622494
-0.0717326
-0.141888
-0.0741062
-0.26298
-0.141798
0.0107584
-0.20545
-0.00154381
-0.0396332
-0.0775852
-0.0617761
0.109922
0.0870164
0.0581401
-0.108236
0.102731
-0.0637236
-0.166171
-0.217155
-0.147065
0.0848089
-0.0902049
0.0530527
-0.21056
0.13725
-0.2297
-0.0566448
0.0667305
0.10584
0.114282
0.0105607
0.0631754
0.257837
0.0798824
0.0543395
0.0832377
-0.0111472
-0.18507
-0.0884219
-0.103013
-0.0139459
0.337006
-0.0450621
0.106842
-0.110225
0.117038
-0.0815823
0.00866882
-0.255952
0.182653
0.123997
-0.162491
0.0106285
0.002326
0.0510312
0.276454
-0.144181
0.0355162
-0.0457235
0.148393
0.0587512
0.0407589
-0.113357
0.121707
-0.0549264
0.0503221
-0.150249
-0.195726
-0.115708
0.0385096
-0.207907
-0.0411243
-0.0369414
0.0675319
-0.0235874
-0.0407981
0.0521585
-0.295257
-0.219592
0.000943774
0.0678573
0.081229
-0.156307
0.00943532
0.0604002
-0.106052
0.170764
-0.217135
-0.0345837
0.0181455
0.195277
0.124522
0.0862769
-0.198634
0.255156
0.234227
-0.296367
0.0580798
0.0218826
-0.107532
0.281742
0.0968468
-0.0916145
-0.231661
-0.0659354
-0.0324404
0.0368462
0.124445
0.0820334
0.0798607
0.105132
-0.0609245
-0.0196794
-0.210236
0.019127
0.12789
0.0727065
-0.0971434
-0.105108
-0.108485
-0.0892579
-0.147569
0.286938
0.23039
-0.0410847
0.0633138
0.08191
0.0462499
0.0586605
0.0380786
0.106539
-0.0736552
0.0678713
0.0681405
-0.120688
-0.0838916
0.165423
-0.0329731
-0.0570724
0.27853
-0.0630582
-0.121232
0.179855
0.00977068
-0.0585948
0.00830132
0.125045
-0.204267
0.0493359
0.1192
0.0773841
-0.199081
0.0724799
-0.15925
-0.174898
0.0177883
-0.187565
0.148494
0.02829
0.0328952
0.190957
0.190463
-0.129835
-0.0537458
-0.145426
-0.0658382
-0.0386603
0.00511261
0.24994
0.0970992
-0.101433
0.0152281
-0.230321
0.0495988
-0.118939
-0.0654987
-0.0404625
0.0231772
-0.0952066
0.0889459
-0.0378239
-0.00785266
0.0156157
-0.00707501
-0.21476
0.178179
-0.0986304
0.0417327
0.0619862
0.0270194
-0.277745
-0.0582351
-0.14834
0.0288607
-0.130008
0.0534763
0.208282
-0.271116
-0.157546
-0.0312631
0.0339322
-0.0143
-0.0881494
-0.0512969
0.108587
-0.215675
-0.0553481
0.0250533
-0.098748
-0.0343277
-0.133091
-0.00727504
0.0708449
0.159654
-0.0914765
0.151734
0.0489684
-0.0312443
-0.0499671
0.0600651
-0.00506377
0.0731701
-0.0452366
0.0649304
0.0892389
0.0100497
-0.222627
-0.188602
0.171537
0.0970899
-0.0666216
0.0999453
0.116129
-0.243138
0.038786
-0.0583393
0.0840463
-0.0919938
0.00198995
0.132395
-0.0953241
-0.0202165
-0.201413
-0.0784073
0.0540874
0.203847
-0.130618
0.320135
-0.138698
-0.0469449
-0.218122
-0.180306
0.0132475
-0.202147
0.0777479
-0.250962
0.0742776
-0.260391
0.0258694
-0.23588
-0.170018
-0.099745
-0.0930494
-0.189746
-0.0118643
-0.0888202
-0.208276
-0.0845119
-0.0436302
0.101067
-0.0453757
0.0113608
-0.0290665
-0.128512
0.0159687
-0.0186637
0.117672
0.0488596
0.101165
0.0047012
-0.00703355
-0.0755085
-0.0966219
-0.15228
-0.00905771
0.0464194
0.211483
0.255976
-0.0117906
-0.0662427
0.017312
0.00810771
-0.15208
0.130403
-0.0613504
-0.0486666
-0.141321
-0.0564819
0.153741
-0.172416
0.0984549
-0.0318578
-0.0803484
-0.0134142
-0.0463971
0.106243
0.0514253
-0.191145
-0.0817898
-0.0318598
0.00034976
0.120179
-0.0865098
-0.101397
-0.130928
-0.134848
0.149943
-0.328827
0.108788
-0.210394
0.0361825
0.232372
0.190636
0.142415
-0.0213885
0.00411561
0.115862
0.0373279
0.0993662
-0.0755146
0.0893966
0.0990342
-0.150251
0.0042199
0.127248
-0.000496276
0.0392239
-0.0742587
-0.0630291
-0.128718
-0.00357267
-0.018776
-0.00647757
0.0574404
-0.228272
0.0588972
0.0412821
-0.266314
-0.031898
0.0886512
-0.0079975
-0.173038
-0.144876
0.0798562
-0.0960429
-0.184593
0.102852
-0.0704444
0.129003
0.00441464
-0.0395983
-0.0693634
-0.266882
-0.0849154
-0.117787
0.000176445
-0.147657
0.022234
-0.140194
-0.169804
0.23711
-0.0257509
-0.0223998
-0.0266522
0.0747616
-0.0659561
-0.243953
-0.076163
-0.0436613
0.089763
0.132006
0.128309
0.176338
-0.29618
-0.113469
0.0462669
0.0944413
0.209828
0.0728157
0.166138
0.122465
0.000733194
0.0524419
0.208061
0.0894803
0.0106983
0.0150791
-0.048881
-0.186795
0.16898
0.105556
-0.0687751
0.236303
0.159768
0.227324
0.0178742
-0.127784
0.0178315
-0.0364007
-0.125824
-0.0117672
0.00389583
0.01081
-0.024197
0.00785361
0.0505757
-0.101331
-0.0325172
-0.116966
0.0735383
-0.0757583
-0.00100732
0.0234145
-0.132297
-0.199667
0.0440614
0.061914
-0.0239449
-0.0721622
0.0291172
0.289023
0.210389
0.135643
-0.130031
0.0535062
0.109697
0.251652
0.00627127
-0.0209686
0.106083
-0.0771844
-0.0569241
0.11031
-0.148356
-0.0719109
-0.111131
-0.0282237
-0.035722
0.0878073
-0.168562
0.292124
-0.00865002
0.0272409
-0.136127
0.0210501
-0.0107434
0.00745724
0.00883116
-0.11529
0.00786126
-0.106937
0.0106518
-0.0774839
0.0725329
-0.0609756
0.0685036
0.0457399
-0.0694403
0.0397915
-0.217969
-0.00527302
0.211549
-0.133333
0.179843
-0.095573
0.0443662
-0.204729
-0.043091
-0.135196
0.0210313
-0.0974354
0.0771415
0.0794103
-0.200821
0.201811
-0.011507
-0.0674128
0.0121443
0.157142
-0.0833947
0.0506846
0.0288386
-0.0265704
-0.0181644
-0.124914
-0.059474
-0.162362
-0.0655537
-0.212123
-0.341422
0.0217412
0.218997
-0.0397346
-0.352294
0.0252598
0.0869699
-0.381522
-0.0616939
0.0060613
-0.0253829
0.108545
-0.04104
0.0526235
0.0465692
-0.046492
0.185621
0.0580231
0.144609
0.0239648
-0.139012
-0.108185
-0.136635
0.132404
-0.0225348
0.0936558
0.00754279
-0.00371421
0.0193528
0.16595
0.184557
-0.22251
0.012325
-0.22541
-0.146796
-0.119722
0.0984497
0.186617
-0.0450488
0.173552
-0.211455
0.075622
0.0503706
-0.286454
-0.0735542
-0.0454858
-0.0458441
-0.0690819
0.0706162
-0.0697969
-0.173844
0.0295236
-0.0665453
0.0338235
-0.0611475
0.0419885
-0.053003
0.0998805
0.059087
0.145166
0.127961
0.284889
0.107171
-0.277053
0.0643801
0.300892
0.00518367
0.0441296
-0.187465
0.0573292
0.0723273
0.259464
0.00556264
0.0895178
0.0985875
0.0855187
-0.302066
-0.139067
0.0761562
0.307991
-0.072331
-0.0497656
-0.000811258
0.0402039
0.209161
0.131346
0.259871
-0.107125
-0.0596276
-0.0366296
-0.0452296
-0.0488504
-0.152799
0.17116
-0.0739807
-0.0750556
0.0331883
-0.00121081
0.144194
0.00890104
0.0335411
0.110762
-0.152179
0.216157
0.0270997
0.133967
-0.258713
0.00142055
-0.1498
-0.126566
0.178509
0.0924784
0.0803586
-0.116741
-0.15137
-0.120755
0.157006
-0.0452047
-0.143249
-0.00488455
0.262521
-0.117714
-0.123995
-0.0922291
-0.0617396
0.0729117
-0.109089
0.105692
-0.000712753
-0.119171
0.145167
-0.0307764
0.119726
-0.106073
-0.127271
-0.0692166
0.0564393
-0.219901
-0.0447587
-0.067492
0.00173
-0.00178549
0.156522
0.0959071
-0.133762
-0.0818701
-0.0019471
0.0421868
-0.207242
-0.21592
0.118079
0.176506
0.137276
-0.0288508
0.0151805
-0.063153
0.0544195
-0.106229
-0.0294709
-0.0228844
-0.367688
-0.176102
-0.0827912
-0.0644452
-0.131665
-0.0794231
-0.228232
0.256748
0.0411435
-0.0827594
0.0523268
0.00457872
-0.116806
0.20567
0.0763477
0.151807
0.0456746
-0.167183
-0.0362146
-0.0376228
-0.126884
-0.0221958
-0.0924402
0.203845
-0.0612778
0.0261308
-0.0935479
-0.128531
-0.070148
-0.021799
-0.158515
0.155179
-0.150706
0.110538
-0.0256162
-0.181321
0.0795884
0.132918
0.178519
0.047762
-0.122746
0.0938558
-0.0322921
-0.19559
0.113281
0.0908034
-0.0728814
0.204047
0.0698093
0.0975038
0.00966205
-0.0420409
-0.0373311
-0.0892707
-0.128423
-0.262436
-0.0838316
0.199082
0.218494
-0.184649
0.0968423
-0.149925
-0.0927795
0.00925153
0.137737
0.230313
0.000736174
-0.00755784
-0.089606
-0.020508
0.0235303
-0.228894
-0.0913208
-0.0794207
0.0892391
0.123553
-0.0743775
-0.0259283
-0.00949857
-0.0397263
-0.189075
0.183575
-0.140938
-0.0830421
-0.211838
0.014476
-0.114013
-0.0487704
-0.0866249
0.135453
-0.0766414
-0.0260383
0.176988
0.0151106
0.0106882
-0.0518659
0.0452507
0.28933
-0.294294
-0.0168618
0.0693229
-0.0953798
-0.0403068
0.139776
-0.243387
-0.217482
-0.152655
0.0569167
0.0183175
-0.0411837
0.069664
-0.141263
-0.0605671
0.011424
0.129921
0.00749396
0.127688
0.139416
0.0276911
0.0751464
0.0630941
-0.0925069
-0.112338
-0.0814675
0.0282163
0.149943
0.077828
-0.205409
0.178948
0.0272171
0.0375838
0.100684
-0.125045
-0.0699028
0.0761224
0.0283881
0.0122643
0.0847009
-0.0728837
0.0651258
-0.0666402
0.141788
0.103379
0.00464101
-0.223688
-0.0310651
-0.0224221
-0.0244091
0.240221
0.00635236
0.348602
-0.234164
-0.155126
0.0538658
0.0612066
0.0274539
0.0926055
0.0575551
-0.0149518
0.163354
-0.0665091
-0.19549
0.15908
0.234828
-0.0680819
-0.0383351
0.129119
-0.185499
-0.277695
0.113573
-0.103851
-0.106136
0.140304
0.0462793
0.149629
-0.0482995
-0.022543
-0.0176415
0.00801161
0.0367365
0.102612
-0.0690175
-0.0303093
0.0785934
-0.0833188
-0.0526474
-0.398736
0.0942507
0.0970655
0.135387
0.0565299
-0.176632
-0.117494
-0.164986
-0.292685
0.0593429
-0.117121
-0.0858167
-0.129128
-0.233252
-0.0887695
0.179302
0.145056
-0.296082
0.199146
-0.239151
0.155051
0.0106357
0.0107797
-0.00726046
-0.030181
-0.0336326
-0.0170929
0.181713
-0.183167
0.0432669
-0.106486
-0.0359424
-0.0137185
-0.298068
-0.0982264
-0.0898328
-0.0553971
0.00947859
-0.00354988
-0.351115
-0.091207
0.0558142
0.0171888
-0.0316979
0.269417
-0.194526
0.088643
0.229511
0.0587067
-0.262493
0.0549587
-0.0847802
0.119672
0.0151863
-0.0169186
0.0726653
0.262062
0.115914
0.00301235
0.024191
0.03046
0.0152711
0.00415095
0.148621
0.0121841
-0.0114727
0.0107847
-0.203469
0.00601437
0.260058
-0.00618604
0.122912
-0.196165
0.029994
0.107472
0.352514
-0.0336015
-0.00747458
-0.0256423
-0.135163
0.0520211
0.077067
0.0897865
0.000986665
